6.923051
7.018071
5.749291
9.752599
1.763943
5.256313
6.003405
3.640926
9.674032
3.603103
5.818548
8.980285
5.675518
7.891778
4.767079
9.546105
6.113718
9.467315
5.728160
10.723272
6.342243
6.194301
1.536039
4.643005
6.331963
2.694871
6.647880
1.432265
2.383348
6.266129
7.489417
8.785106
10.428837
0.886451
7.347364
10.597145
10.651719
5.508749
5.334692
7.921789
3.515304
9.989414
13.645407
3.512857
5.811169
4.314457
7.320313
5.707622
4.193340
10.784173
6.172540
5.760310
6.404901
3.168624
4.594185
2.626624
4.447250
1.149958
0.692770
5.829637
4.645825
11.990023
8.530562
7.361167
6.350756
7.691340
7.268271
4.843707
8.187659
5.246861
6.053889
5.400763
7.939297
7.463260
13.451868
12.971318
19.325160
6.462082
12.086512
8.519794
8.090483
5.151574
7.549940
2.633752
6.591947
2.053933
5.148778
4.811843
2.850638
4.307373
1.366771
3.746610
3.691745
0.443272
2.633012
1.978862
5.036062
0.687003
6.764487
14.684394
11.135158
2.024558
5.762937
7.473439
0.906063
7.736828
15.974908
9.599178
3.232332
8.227150
3.149456
8.362602
7.791354
2.060583
1.803296
5.186142
1.996342
5.333043
17.787631
9.527595
3.539282
11.364719
11.329046
5.161360
3.674437
8.168253
8.775746
3.630279
4.029910
7.079234
10.837475
4.639931
0.480526
3.729016
6.253998
13.462981
1.472753
2.478293
1.190553
9.931860
5.013511
11.734513
12.022626
10.732401
15.978978
5.328682
20.628740
3.632089
3.207051
8.311427
11.319078
11.319081
22.252189
17.607195
12.077449
16.513298
14.922912
19.853109
16.466001
9.369684
18.284320
2.829780
5.945010
6.385977
4.298843
4.675525
4.385844
13.286854
5.225988
8.292086
4.765127
8.201498
8.267543
8.338257
17.496584
15.659152
24.127354
7.348052
10.035855
8.044272
5.535981
0.822422
9.482621
9.578304
5.732762
5.384038
9.436809
10.789715
12.982882
7.412625
7.966838
5.994681
5.690744
7.429767
14.616357
13.846589
9.288751
0.432460
5.676864
17.317542
22.486380
17.826753
13.592226
8.716292
10.767533
8.349821
6.783516
7.842104
3.036552
3.398713
4.227191
4.602259
5.712828
8.471092
6.736845
9.521132
13.754547
23.071940
5.327820
11.157935
7.794284
8.527147
2.044060
2.849418
3.217616
2.277564
9.866633
5.472635
13.734139
3.842209
7.240891
9.756592
24.815885
25.139798
16.931221
1.497575
6.482983
5.358597
4.581331
12.521226
15.848390
11.200883
17.902675
9.238380
22.148088
12.694980
11.386795
10.222337
7.696870
3.693689
8.612669
1.743430
4.858922
8.381087
8.897449
12.958859
17.578692
5.021930
0.875386
11.447061
18.098912
11.629993
6.846164
7.321707
13.641260
5.149978
13.240493
4.464150
13.885106
3.002918
12.020441
0.443119
15.306668
8.364365
12.548195
8.387576
0.915302
5.212272
7.835953
2.567080
4.923845
8.311752
3.873878
11.715075
10.438931
10.049688
8.650741
13.446141
11.081100
2.438678
5.528988
10.491781
18.988456
18.295251
8.363764
20.743533
6.365518
4.654398
11.413848
1.825995
9.707953
13.373241
12.561434
2.519911
2.930927
14.532621
5.219055
4.621610
10.497857
17.437504
6.264591
7.747237
19.724609
3.722600
15.718299
10.920715
8.192547
8.953958
5.907300
11.839494
16.506540
12.487489
11.344419
15.543911
17.347642
12.609616
10.961773
7.646999
15.504045
11.430658
2.702600
30.185002
27.423003
12.219489
26.643216
47.268239
3.606428
12.336382
6.258437
17.902919
20.353848
23.400365
11.349159
23.190431
8.599331
34.925060
13.174554
16.338010
7.910601
18.245234
16.786024
31.886036
22.186833
20.530217
7.116937
10.135822
23.393199
7.238944
14.597627
1.828815
6.936557
14.742515
7.200944
12.434465
19.132123
5.818013
20.615210
17.454475
22.640973
20.503684
9.232461
18.980833
4.867386
22.191439
3.399031
9.069954
8.457916
12.380372
12.941024
11.551203
10.907699
19.412837
5.226125
6.798483
13.080496
9.447595
19.237774
12.374968
8.278805
11.300991
8.982918
7.003043
8.291684
8.995145
18.122131
9.294522
4.518425
8.164101
9.132914
8.605957
14.179188
43.036640
5.335004
24.332339
34.777531
49.005794
28.081093
13.889135
28.002303
6.729997
18.391852
18.050811
12.645040
5.607510
22.256952
3.594881
7.869000
1.312574
5.763314
6.376938
8.271390
17.345864
16.695507
2.766882
3.024009
13.322229
10.505384
3.687702
10.073548
7.216901
9.849259
3.129169
15.330102
19.523155
3.454007
3.873504
7.829171
7.039909
16.218722
25.137024
6.911643
19.946234
21.888612
23.354935
20.313243
15.382781
30.606421
13.848117
10.513427
23.706972
2.745601
9.019584
17.281081
9.406367
7.682050
17.772274
9.944748
14.170908
12.128271
7.849939
9.384284
7.178061
9.673029
6.065060
1.213304
7.530983
0.965589
0.967253
13.296927
6.280532
6.026522
0.297454
5.394892
7.953430
11.581076
6.892583
4.474810
9.868868
8.119463
20.821336
9.652577
2.567628
5.683438
7.621305
9.614149
4.893095
5.218962
10.553605
11.247538
14.631906
8.336615
12.263144
12.091204
7.870673
7.236049
4.084689
15.290605
17.277115
8.148442
9.099121
5.754037
3.534833
5.877754
7.152296
0.375200
8.256140
6.801352
14.247146
9.993564
7.282559
6.802104
8.858546
11.059335
3.714230
9.384256
14.542178
9.941334
7.527740
7.469453
1.692059
8.601057
13.615650
6.133856
11.545966
2.641473
6.373926
5.866319
14.757825
25.423656
22.593835
19.341555
3.510344
11.675254
8.331470
42.712401
13.968217
39.767492
26.344930
9.247606
3.023518
12.242661
4.955522
14.252344
5.577034
10.048936
10.790753
9.206210
9.597890
11.282808
6.362617
10.091793
5.190565
5.268259
9.442713
6.294940
12.130335
10.781951
2.892580
6.030547
5.686648
22.465688
13.216840
6.366467
15.499181
9.768911
5.029053
12.650639
3.828081
6.483880
3.518329
6.341035
7.852285
9.659316
7.742283
6.389963
15.670907
15.151370
5.535090
9.207807
17.054063
16.313263
13.063149
9.427093
16.465520
41.785308
17.360079
29.432091
6.264273
39.918713
13.379103
14.870730
20.618660
15.735016
15.680529
12.067904
9.158409
6.822561
8.506658
11.137634
3.302517
8.665592
10.717670
9.382804
15.196427
11.560617
8.696281
9.949674
32.219521
37.053518
14.925762
7.150867
12.681348
9.900989
12.701291
6.721073
11.033485
10.677148
11.233693
18.045325
15.937497
5.285470
5.376029
7.148664
3.129138
12.668884
12.335411
5.381182
12.947729
16.914650
6.355616
12.829134
22.998215
10.293958
17.812188
10.709583
11.887190
6.124658
8.377144
13.445242
8.068318
10.883103
4.809942
9.356900
14.154538
4.582339
5.905628
10.503225
17.817563
35.811823
15.301101
10.608465
9.058350
1.625606
13.808247
3.656866
11.053036
10.902316
7.454318
14.332488
3.908298
17.495857
7.291136
6.655490
16.131060
7.841002
7.469122
8.043205
8.820166
15.184786
5.955949
0.775941
3.321064
1.587657
8.304453
12.311988
10.232626
16.599510
26.547840
19.037716
4.800688
8.123199
12.551312
3.255783
5.835972
13.897602
6.452795
2.341150
8.525750
3.177253
10.301209
4.036690
4.339794
11.365121
3.021912
5.666540
3.259154
6.706024
15.136144
6.797656
6.949186
14.924112
10.679506
15.638106
19.748619
11.002168
4.132225
4.032067
12.679762
2.967163
12.509005
3.681085
9.190878
14.279281
11.013595
11.363876
14.243114
10.200611
7.284543
6.340382
8.127818
1.055101
3.611958
5.874238
5.117723
7.749512
15.252199
8.875221
11.364979
10.853688
6.220911
15.146369
12.684201
13.263168
17.582383
9.123436
16.987282
12.253704
11.994368
3.990988
5.178858
9.721967
8.727419
5.606128
10.707362
4.887508
13.104743
9.105768
10.197401
9.802344
11.352530
10.518797
2.422270
4.547883
11.381740
2.010919
3.030467
8.880034
4.851974
2.841974
6.935391
7.535617
9.713543
6.698518
6.326910
10.784676
1.942189
10.866179
5.770297
11.638658
7.306144
6.353945
4.604180
6.670950
10.054732
8.588991
6.167001
15.978835
7.020426
10.647760
6.930055
9.672032
8.260830
18.302149
10.158271
9.525865
11.414279
8.957795
9.714616
2.103982
2.470744
7.255161
17.111565
32.546805
9.372381
9.363025
8.080923
4.808015
2.650142
10.994539
12.340116
10.530877
5.619817
4.526215
7.790604
6.935496
10.362079
17.865760
7.958563
8.255652
29.498866
6.068200
26.742544
6.475539
22.104160
5.817651
7.512216
15.712252
15.095942
4.728433
10.131347
5.313105
12.489640
4.080175
4.942453
8.398158
4.084972
8.514156
6.630070
8.555613
15.311672
4.175349
5.660949
9.465408
11.163134
7.416239
0.789959
4.536060
5.470578
4.674241
4.182420
3.109988
11.105236
0.841217
4.820667
6.462467
3.050276
11.529000
1.579890
9.296739
9.373781
9.236271
6.279832
8.996176
23.179841
12.273359
14.626755
8.307333
3.395524
13.900219
4.665433
14.969371
21.098273
13.432978
10.850249
9.875517
11.821251
6.163484
6.524250
2.273802
15.363647
3.146181
4.738455
12.181982
11.963023
15.482322
5.754024
0.783925
12.272848
5.020023
2.106009
3.764269
14.132994
4.001412
11.741258
11.485588
6.393849
14.899882
9.915930
34.863482
8.667477
7.361001
9.920222
9.369729
14.370793
1.870671
16.263082
9.877333
10.779925
7.678893
5.406299
20.370631
9.017324
11.408126
7.966444
6.771419
4.967193
4.111844
5.439669
1.395067
7.853986
3.430758
9.903633
2.883949
5.574252
13.876031
11.964277
8.133457
10.147286
14.106971
7.351664
17.737112
29.848749
7.307700
16.890076
4.157404
3.927377
9.813016
10.667879
3.807900
11.280730
4.938486
6.316222
8.734527
10.973565
7.192925
0.281501
11.368872
14.018829
9.811967
5.229022
5.001766
5.381043
10.527327
7.982605
7.442362
5.917494
14.188449
9.889181
7.588156
8.818368
5.643720
3.409947
4.288719
6.254404
4.315756
2.688673
1.839421
1.406947
3.883685
1.443456
8.371322
5.119008
8.757674
5.705785
5.264668
2.841971
2.741224
8.173632
5.758345
2.770746
7.156332
6.402772
5.818084
5.802899
1.872875
3.423056
3.593172
4.761626
4.754966
3.150304
3.318433
3.916773
0.520482
2.101478
4.183948
5.088583
3.478033
1.295844
7.773433
1.912542
5.170233
2.501878
1.193827
3.570176
8.090427
9.393295
7.715862
5.677707
2.994382
2.456432
1.990755
2.777353
6.615409
0.201639
1.140162
2.538131
1.312436
2.787065
0.528958
4.184319
0.790027
1.049501
2.048181
2.703133
2.098158
2.967655
3.649939
3.812863
1.240022
4.287382
5.069471
1.821365
3.354944
3.502713
4.853429
1.624875
1.330799
1.764431
1.435317
1.210647
1.434867
0.094917
0.602685
0.818866
2.355721
3.160584
1.652630
1.465586
1.540454
1.137776
1.366378
3.975240
2.366814
3.013641
1.713584
1.885981
0.790403
1.261878
0.886818
0.321167
1.001868
0.619813
1.844607
1.196663
1.508876
1.331735
1.179336
2.546601
0.557166
2.255948
1.225423
0.527519
1.416492
0.642013
1.105774
0.750677
2.057207
0.231978
0.453524
1.260519
0.537931
1.082883
0.670121
0.759080
0.257605
1.370178
0.972688
0.768117
1.002284
0.371479
1.126148
0.208633
0.849475
0.813358
0.989633
1.007505
0.443414
1.074550
0.346339
1.286781
0.522986
1.173007
1.395813
18.636321
0.000800
0.073779
0.669163
0.191400
0.590185
0.379715
0.504183
0.734756
0.474263
0.984133
0.325294
0.635709
0.599734
0.905401
0.616405
0.712238
0.870044
0.262404
1.124619
0.442420
1.387557
0.429927
0.602801
1.049850
0.463872
0.343414
0.051023
1.590421
0.382395
0.499226
1.285600
0.591136
0.951975
1.354714
2.364260
0.495850
1.413493
0.625465
2.428439
2.475754
2.062210
3.045022
2.109929
1.921767
1.540451
2.543367
1.865231
0.741719
0.479602
0.137223
2.187308
1.671690
1.019010
1.889692
1.570142
0.285340
0.989451
4.784857
2.595192
1.719290
1.083341
1.499473
2.775245
0.670817
1.197452
1.227349
3.371607
0.909977
2.019177
0.625981
2.867002
1.918421
0.721644
1.786766
0.872753
2.779465
1.429588
1.698873
1.030404
1.278120
1.556908
2.282228
0.429659
1.553226
1.421843
2.696774
2.593089
3.179631
2.717729
2.080986
1.551445
0.432499
2.810116
1.494663
2.893614
1.963887
4.576039
2.001745
3.591225
2.572902
2.949464
1.019475
3.566682
3.170897
7.530824
6.009263
4.738536
3.545482
8.337377
2.375877
9.724260
4.709554
5.453461
2.901281
0.437220
0.844451
2.442166
6.025439
4.723747
3.695398
2.691412
2.882752
5.800867
2.695911
9.491221
2.487473
2.128464
2.443100
4.683452
0.586829
4.012083
4.609405
4.450773
0.947370
4.928884
6.101597
1.447661
5.691471
1.841453
2.370250
1.962091
1.722739
2.914666
1.389341
0.724784
4.269976
3.640083
3.046124
6.208490
6.315655
2.999241
4.903899
5.049729
10.657133
4.828077
2.867278
1.388699
6.776705
2.227232
3.974204
4.671825
2.931926
2.456315
6.931557
6.376464
2.857903
4.134185
6.028033
0.803524
3.077727
2.896851
1.398238
4.399905
2.086894
6.741084
4.744023
5.526066
6.403984
4.752132
4.939588
5.839125
4.032176
5.409189
5.231778
2.010923
3.673555
3.832242
6.995818
5.163793
1.849012
4.479734
2.590350
5.770188
2.911011
6.195479
4.364628
12.779653
23.468705
2.572027
7.305565
5.304267
12.458764
7.515322
11.427308
11.745786
9.234513
6.273834
4.720968
5.867735
1.888218
3.317429
1.471018
0.852044
8.038755
3.912006
4.567326
9.177501
4.459871
4.714288
2.649780
7.905661
9.555240
10.012047
11.607324
11.301824
3.885990
4.327298
3.293719
4.562194
1.973261
5.963171
5.873509
8.838453
0.943751
7.359351
10.801243
6.763684
6.837085
4.741668
6.752339
5.593824
3.749125
4.540146
8.498778
2.205153
6.639389
4.472932
9.587053
7.553010
18.325039
11.826285
30.602488
34.530059
11.381050
7.273616
7.010262
9.752620
15.898210
5.560307
6.611021
7.291697
4.137736
6.923354
7.931532
3.264244
20.617664
7.727248
5.679330
9.870886
0.607908
12.747518
10.481337
9.125780
12.264148
8.782125
14.983394
5.422700
0.700460
5.035863
7.563767
5.398475
2.656260
7.534386
2.102734
9.109229
9.633566
27.193863
5.563523
6.339221
3.266837
7.852446
11.058778
1.323600
5.796633
14.167818
9.316935
7.501449
3.894887
4.581936
13.760799
3.942648
12.011153
10.254295
14.154906
1.872217
11.723866
11.924238
6.550679
7.433244
5.905431
8.517709
16.404224
14.409435
13.027601
16.713135
10.318574
18.000218
18.270444
13.489291
5.393111
9.401002
9.618757
4.165122
5.790042
3.411202
10.300988
2.810340
11.272926
22.653666
10.204410
6.672423
5.349171
6.379590
13.243741
11.893936
7.227228
22.350073
9.097107
6.184287
10.433143
12.408056
7.286670
10.788558
4.755121
13.403464
11.484605
20.981172
9.603414
17.975149
23.801143
24.304987
25.923952
23.503321
15.169240
14.836046
13.019199
14.443733
6.823970
10.364071
10.293854
16.678617
14.280436
12.455529
11.848047
17.175944
22.391682
14.959434
20.469221
14.168003
7.346468
12.634567
21.035210
26.786478
15.675543
18.149524
19.661555
10.691161
11.136889
20.985914
18.724565
22.498239
18.012838
8.500849
7.991133
8.568184
16.649193
16.841990
27.747996
22.490193
12.167187
33.050157
8.876361
31.180014
4.430874
2.015717
1.745222
16.590691
12.623704
3.143492
8.120835
7.143858
8.020868
15.667175
18.416260
18.860517
12.462225
20.779596
8.309305
15.534557
23.755914
1.801371
17.419421
6.353098
32.664835
6.012587
25.087485
5.397374
11.857681
24.487433
34.900514
18.552263
20.976470
58.934603
5.435907
34.433181
11.947355
20.801077
27.193738
19.817274
39.191423
36.446111
31.426854
82.070559
16.095348
12.451580
50.403957
25.340902
66.018542
20.728883
15.069945
4.492589
13.438232
12.746880
17.666989
11.021246
23.979169
24.112763
53.045218
22.466351
6.717549
19.505256
16.057126
16.753250
24.077489
13.857382
12.160910
28.774464
10.679381
4.814127
7.706364
9.480464
34.374031
15.802425
23.661467
18.627651
39.268244
46.879410
19.254590
29.604830
19.666850
35.773771
24.951730
33.557542
3.875950
11.434619
9.848954
14.688640
6.487763
34.733515
40.363798
13.521515
21.810224
10.932076
27.993297
27.275475
14.182762
40.519900
31.538163
39.614901
50.807336
19.165553
7.807451
41.899377
51.723375
61.398147
30.672754
54.659782
37.059795
62.376022
12.098088
20.582382
55.917433
10.435200
34.153625
12.783608
12.131920
21.304305
17.927566
21.947954
26.636478
93.772810
11.780151
12.342618
33.505089
12.657077
40.202339
6.020459
10.756876
20.364747
50.420681
17.850863
12.985848
16.525787
16.306714
7.525164
101.943503
16.623784
49.846537
46.188993
19.553853
29.622701
17.696433
19.092097
9.074911
11.279745
31.496894
10.675361
27.495090
25.805883
35.690211
25.301487
125.295755
48.633494
35.902832
13.444755
17.043329
15.881866
23.523101
25.808768
40.096448
29.534359
13.436156
60.161579
138.757703
80.189181
56.966021
14.478692
47.309419
13.308790
28.096434
6.003444
27.368407
41.344867
100.012752
26.695943
32.371575
50.693169
37.004942
19.808196
71.920414
51.543747
47.540326
14.528485
40.383360
20.268427
34.526247
56.390891
82.797982
30.892890
61.748130
79.279058
148.595904
33.631110
97.217192
47.019624
28.078492
62.844029
59.788822
61.573641
13.002309
121.323966
11.245890
92.115755
18.007083
46.001332
26.719571
37.356328
12.390786
55.139373
22.275397
24.526630
109.942215
37.380027
69.204769
127.130297
60.028738
68.664071
87.581056
85.101977
33.030791
56.714408
31.876713
100.881629
64.395288
23.233634
71.861001
76.529213
54.238452
5.755922
10.261123
13.140308
14.063308
59.513724
56.884540
47.833160
36.451362
60.066462
24.843138
47.876574
8.667285
40.752381
70.099941
41.924388
23.025119
73.390962
25.955696
257.217649
17.946927
49.879170
20.877700
135.300384
10.252104
26.680259
35.049881
46.460062
79.308642
72.844941
27.091986
75.017041
8.530562
48.465469
9.307511
45.211410
53.862487
98.006915
36.092139
51.172493
31.372706
51.108668
4.545433
32.951880
52.322646
17.818783
45.098919
28.623933
30.641389
19.615470
56.263226
64.193321
106.204257
100.543940
64.530147
69.658792
19.478307
68.527852
31.863895
40.361457
13.433609
150.386170
250.201509
61.276015
54.404275
41.138056
38.109360
37.522372
29.565241
14.949414
16.239835
56.179493
20.948458
26.642769
38.291575
102.493470
63.195541
25.508148
46.853216
46.898649
37.029829
34.632356
14.550261
54.248525
18.088372
95.483808
26.122109
139.972692
28.602509
38.838919
28.703450
22.649262
33.324776
90.542856
19.900063
22.225278
21.022294
22.070020
15.051457
37.557508
40.493435
24.341372
24.953467
48.753252
16.301931
41.209522
62.144929
99.143391
136.004774
4.505118
25.870202
1.612420
28.426707
15.668854
21.806419
27.458982
16.433198
16.005084
78.384030
34.838657
28.313598
19.357481
8.717173
11.269234
14.066154
13.431139
11.806555
22.410980
64.756460
29.664095
4.967701
58.077077
22.424412
20.308205
4.304762
33.339067
25.443610
39.462695
35.002176
51.798050
22.823503
17.030981
29.762596
16.422100
14.630366
19.924246
4.304684
29.120738
33.974751
31.847440
33.801727
49.973728
34.430882
73.603877
6.653632
41.931793
23.876496
23.035993
33.699903
13.049968
10.858069
12.024716
3.844143
14.926180
38.073595
3.893444
6.536349
21.547025
21.808499
54.848703
32.970874
31.134514
24.626788
36.899747
15.940485
19.337295
23.364613
39.270950
40.764330
13.870095
18.093673
26.113075
55.302840
32.782152
5.393930
14.946003
26.049408
41.445067
38.749886
21.199308
28.145549
20.248222
24.204350
4.049686
17.498250
29.368882
34.793571
37.358131
67.521258
57.115073
17.187651
45.955569
29.998450
31.051709
48.357423
21.934170
29.396754
2.006795
72.718862
55.692483
28.781012
50.876830
44.524941
28.078004
27.526548
7.686013
13.281733
15.636734
11.552554
23.864869
58.905225
168.066825
76.387909
31.565766
25.392642
205.483801
44.473077
33.962107
55.840366
107.282381
34.608311
20.483420
9.741718
25.190203
55.829997
65.068063
63.783199
67.126119
29.564805
84.932374
82.139405
83.556471
85.622622
153.615831
211.250753
128.586166
149.430190
83.183727
44.334502
266.428948
53.048239
28.398493
82.058668
43.158607
242.297705
833.597649
213.891137
464.479687
160.871531
481.564226
67.282188
88.313565
493.564140
104.605844
109.840629
237.759922
142.395670
87.119538
28.546098
307.541158
176.371661
28.821551
157.276160
120.817553
1334.195284
163.756785
207.306249
462.908096
440.296083
581.240106
490.613778
1065.487733
50.298031
164.248497
102.871536
32.381075
41.244277
30.243149
21.645216
18.911815
21.645216
30.243149
41.244277
32.381075
102.871536
164.248497
50.298031
1065.487733
490.613778
581.240106
440.296083
462.908096
207.306249
163.756785
1334.195284
120.817553
157.276160
28.821551
176.371661
307.541158
28.546098
87.119538
142.395670
237.759922
109.840629
104.605844
493.564140
88.313565
67.282188
481.564226
160.871531
464.479687
213.891137
833.597649
242.297705
43.158607
82.058668
28.398493
53.048239
266.428948
44.334502
83.183727
149.430190
128.586166
211.250753
153.615831
85.622622
83.556471
82.139405
84.932374
29.564805
67.126119
63.783199
65.068063
55.829997
25.190203
9.741718
20.483420
34.608311
107.282381
55.840366
33.962107
44.473077
205.483801
25.392642
31.565766
76.387909
168.066825
58.905225
23.864869
11.552554
15.636734
13.281733
7.686013
27.526548
28.078004
44.524941
50.876830
28.781012
55.692483
72.718862
2.006795
29.396754
21.934170
48.357423
31.051709
29.998450
45.955569
17.187651
57.115073
67.521258
37.358131
34.793571
29.368882
17.498250
4.049686
24.204350
20.248222
28.145549
21.199308
38.749886
41.445067
26.049408
14.946003
5.393930
32.782152
55.302840
26.113075
18.093673
13.870095
40.764330
39.270950
23.364613
19.337295
15.940485
36.899747
24.626788
31.134514
32.970874
54.848703
21.808499
21.547025
6.536349
3.893444
38.073595
14.926180
3.844143
12.024716
10.858069
13.049968
33.699903
23.035993
23.876496
41.931793
6.653632
73.603877
34.430882
49.973728
33.801727
31.847440
33.974751
29.120738
4.304684
19.924246
14.630366
16.422100
29.762596
17.030981
22.823503
51.798050
35.002176
39.462695
25.443610
33.339067
4.304762
20.308205
22.424412
58.077077
4.967701
29.664095
64.756460
22.410980
11.806555
13.431139
14.066154
11.269234
8.717173
19.357481
28.313598
34.838657
78.384030
16.005084
16.433198
27.458982
21.806419
15.668854
28.426707
1.612420
25.870202
4.505118
136.004774
99.143391
62.144929
41.209522
16.301931
48.753252
24.953467
24.341372
40.493435
37.557508
15.051457
22.070020
21.022294
22.225278
19.900063
90.542856
33.324776
22.649262
28.703450
38.838919
28.602509
139.972692
26.122109
95.483808
18.088372
54.248525
14.550261
34.632356
37.029829
46.898649
46.853216
25.508148
63.195541
102.493470
38.291575
26.642769
20.948458
56.179493
16.239835
14.949414
29.565241
37.522372
38.109360
41.138056
54.404275
61.276015
250.201509
150.386170
13.433609
40.361457
31.863895
68.527852
19.478307
69.658792
64.530147
100.543940
106.204257
64.193321
56.263226
19.615470
30.641389
28.623933
45.098919
17.818783
52.322646
32.951880
4.545433
51.108668
31.372706
51.172493
36.092139
98.006915
53.862487
45.211410
9.307511
48.465469
8.530562
75.017041
27.091986
72.844941
79.308642
46.460062
35.049881
26.680259
10.252104
135.300384
20.877700
49.879170
17.946927
257.217649
25.955696
73.390962
23.025119
41.924388
70.099941
40.752381
8.667285
47.876574
24.843138
60.066462
36.451362
47.833160
56.884540
59.513724
14.063308
13.140308
10.261123
5.755922
54.238452
76.529213
71.861001
23.233634
64.395288
100.881629
31.876713
56.714408
33.030791
85.101977
87.581056
68.664071
60.028738
127.130297
69.204769
37.380027
109.942215
24.526630
22.275397
55.139373
12.390786
37.356328
26.719571
46.001332
18.007083
92.115755
11.245890
121.323966
13.002309
61.573641
59.788822
62.844029
28.078492
47.019624
97.217192
33.631110
148.595904
79.279058
61.748130
30.892890
82.797982
56.390891
34.526247
20.268427
40.383360
14.528485
47.540326
51.543747
71.920414
19.808196
37.004942
50.693169
32.371575
26.695943
100.012752
41.344867
27.368407
6.003444
28.096434
13.308790
47.309419
14.478692
56.966021
80.189181
138.757703
60.161579
13.436156
29.534359
40.096448
25.808768
23.523101
15.881866
17.043329
13.444755
35.902832
48.633494
125.295755
25.301487
35.690211
25.805883
27.495090
10.675361
31.496894
11.279745
9.074911
19.092097
17.696433
29.622701
19.553853
46.188993
49.846537
16.623784
101.943503
7.525164
16.306714
16.525787
12.985848
17.850863
50.420681
20.364747
10.756876
6.020459
40.202339
12.657077
33.505089
12.342618
11.780151
93.772810
26.636478
21.947954
17.927566
21.304305
12.131920
12.783608
34.153625
10.435200
55.917433
20.582382
12.098088
62.376022
37.059795
54.659782
30.672754
61.398147
51.723375
41.899377
7.807451
19.165553
50.807336
39.614901
31.538163
40.519900
14.182762
27.275475
27.993297
10.932076
21.810224
13.521515
40.363798
34.733515
6.487763
14.688640
9.848954
11.434619
3.875950
33.557542
24.951730
35.773771
19.666850
29.604830
19.254590
46.879410
39.268244
18.627651
23.661467
15.802425
34.374031
9.480464
7.706364
4.814127
10.679381
28.774464
12.160910
13.857382
24.077489
16.753250
16.057126
19.505256
6.717549
22.466351
53.045218
24.112763
23.979169
11.021246
17.666989
12.746880
13.438232
4.492589
15.069945
20.728883
66.018542
25.340902
50.403957
12.451580
16.095348
82.070559
31.426854
36.446111
39.191423
19.817274
27.193738
20.801077
11.947355
34.433181
5.435907
58.934603
20.976470
18.552263
34.900514
24.487433
11.857681
5.397374
25.087485
6.012587
32.664835
6.353098
17.419421
1.801371
23.755914
15.534557
8.309305
20.779596
12.462225
18.860517
18.416260
15.667175
8.020868
7.143858
8.120835
3.143492
12.623704
16.590691
1.745222
2.015717
4.430874
31.180014
8.876361
33.050157
12.167187
22.490193
27.747996
16.841990
16.649193
8.568184
7.991133
8.500849
18.012838
22.498239
18.724565
20.985914
11.136889
10.691161
19.661555
18.149524
15.675543
26.786478
21.035210
12.634567
7.346468
14.168003
20.469221
14.959434
22.391682
17.175944
11.848047
12.455529
14.280436
16.678617
10.293854
10.364071
6.823970
14.443733
13.019199
14.836046
15.169240
23.503321
25.923952
24.304987
23.801143
17.975149
9.603414
20.981172
11.484605
13.403464
4.755121
10.788558
7.286670
12.408056
10.433143
6.184287
9.097107
22.350073
7.227228
11.893936
13.243741
6.379590
5.349171
6.672423
10.204410
22.653666
11.272926
2.810340
10.300988
3.411202
5.790042
4.165122
9.618757
9.401002
5.393111
13.489291
18.270444
18.000218
10.318574
16.713135
13.027601
14.409435
16.404224
8.517709
5.905431
7.433244
6.550679
11.924238
11.723866
1.872217
14.154906
10.254295
12.011153
3.942648
13.760799
4.581936
3.894887
7.501449
9.316935
14.167818
5.796633
1.323600
11.058778
7.852446
3.266837
6.339221
5.563523
27.193863
9.633566
9.109229
2.102734
7.534386
2.656260
5.398475
7.563767
5.035863
0.700460
5.422700
14.983394
8.782125
12.264148
9.125780
10.481337
12.747518
0.607908
9.870886
5.679330
7.727248
20.617664
3.264244
7.931532
6.923354
4.137736
7.291697
6.611021
5.560307
15.898210
9.752620
7.010262
7.273616
11.381050
34.530059
30.602488
11.826285
18.325039
7.553010
9.587053
4.472932
6.639389
2.205153
8.498778
4.540146
3.749125
5.593824
6.752339
4.741668
6.837085
6.763684
10.801243
7.359351
0.943751
8.838453
5.873509
5.963171
1.973261
4.562194
3.293719
4.327298
3.885990
11.301824
11.607324
10.012047
9.555240
7.905661
2.649780
4.714288
4.459871
9.177501
4.567326
3.912006
8.038755
0.852044
1.471018
3.317429
1.888218
5.867735
4.720968
6.273834
9.234513
11.745786
11.427308
7.515322
12.458764
5.304267
7.305565
2.572027
23.468705
12.779653
4.364628
6.195479
2.911011
5.770188
2.590350
4.479734
1.849012
5.163793
6.995818
3.832242
3.673555
2.010923
5.231778
5.409189
4.032176
5.839125
4.939588
4.752132
6.403984
5.526066
4.744023
6.741084
2.086894
4.399905
1.398238
2.896851
3.077727
0.803524
6.028033
4.134185
2.857903
6.376464
6.931557
2.456315
2.931926
4.671825
3.974204
2.227232
6.776705
1.388699
2.867278
4.828077
10.657133
5.049729
4.903899
2.999241
6.315655
6.208490
3.046124
3.640083
4.269976
0.724784
1.389341
2.914666
1.722739
1.962091
2.370250
1.841453
5.691471
1.447661
6.101597
4.928884
0.947370
4.450773
4.609405
4.012083
0.586829
4.683452
2.443100
2.128464
2.487473
9.491221
2.695911
5.800867
2.882752
2.691412
3.695398
4.723747
6.025439
2.442166
0.844451
0.437220
2.901281
5.453461
4.709554
9.724260
2.375877
8.337377
3.545482
4.738536
6.009263
7.530824
3.170897
3.566682
1.019475
2.949464
2.572902
3.591225
2.001745
4.576039
1.963887
2.893614
1.494663
2.810116
0.432499
1.551445
2.080986
2.717729
3.179631
2.593089
2.696774
1.421843
1.553226
0.429659
2.282228
1.556908
1.278120
1.030404
1.698873
1.429588
2.779465
0.872753
1.786766
0.721644
1.918421
2.867002
0.625981
2.019177
0.909977
3.371607
1.227349
1.197452
0.670817
2.775245
1.499473
1.083341
1.719290
2.595192
4.784857
0.989451
0.285340
1.570142
1.889692
1.019010
1.671690
2.187308
0.137223
0.479602
0.741719
1.865231
2.543367
1.540451
1.921767
2.109929
3.045022
2.062210
2.475754
2.428439
0.625465
1.413493
0.495850
2.364260
1.354714
0.951975
0.591136
1.285600
0.499226
0.382395
1.590421
0.051023
0.343414
0.463872
1.049850
0.602801
0.429927
1.387557
0.442420
1.124619
0.262404
0.870044
0.712238
0.616405
0.905401
0.599734
0.635709
0.325294
0.984133
0.474263
0.734756
0.504183
0.379715
0.590185
0.191400
0.669163
0.073779
0.000800
18.636321
1.395813
1.173007
0.522986
1.286781
0.346339
1.074550
0.443414
1.007505
0.989633
0.813358
0.849475
0.208633
1.126148
0.371479
1.002284
0.768117
0.972688
1.370178
0.257605
0.759080
0.670121
1.082883
0.537931
1.260519
0.453524
0.231978
2.057207
0.750677
1.105774
0.642013
1.416492
0.527519
1.225423
2.255948
0.557166
2.546601
1.179336
1.331735
1.508876
1.196663
1.844607
0.619813
1.001868
0.321167
0.886818
1.261878
0.790403
1.885981
1.713584
3.013641
2.366814
3.975240
1.366378
1.137776
1.540454
1.465586
1.652630
3.160584
2.355721
0.818866
0.602685
0.094917
1.434867
1.210647
1.435317
1.764431
1.330799
1.624875
4.853429
3.502713
3.354944
1.821365
5.069471
4.287382
1.240022
3.812863
3.649939
2.967655
2.098158
2.703133
2.048181
1.049501
0.790027
4.184319
0.528958
2.787065
1.312436
2.538131
1.140162
0.201639
6.615409
2.777353
1.990755
2.456432
2.994382
5.677707
7.715862
9.393295
8.090427
3.570176
1.193827
2.501878
5.170233
1.912542
7.773433
1.295844
3.478033
5.088583
4.183948
2.101478
0.520482
3.916773
3.318433
3.150304
4.754966
4.761626
3.593172
3.423056
1.872875
5.802899
5.818084
6.402772
7.156332
2.770746
5.758345
8.173632
2.741224
2.841971
5.264668
5.705785
8.757674
5.119008
8.371322
1.443456
3.883685
1.406947
1.839421
2.688673
4.315756
6.254404
4.288719
3.409947
5.643720
8.818368
7.588156
9.889181
14.188449
5.917494
7.442362
7.982605
10.527327
5.381043
5.001766
5.229022
9.811967
14.018829
11.368872
0.281501
7.192925
10.973565
8.734527
6.316222
4.938486
11.280730
3.807900
10.667879
9.813016
3.927377
4.157404
16.890076
7.307700
29.848749
17.737112
7.351664
14.106971
10.147286
8.133457
11.964277
13.876031
5.574252
2.883949
9.903633
3.430758
7.853986
1.395067
5.439669
4.111844
4.967193
6.771419
7.966444
11.408126
9.017324
20.370631
5.406299
7.678893
10.779925
9.877333
16.263082
1.870671
14.370793
9.369729
9.920222
7.361001
8.667477
34.863482
9.915930
14.899882
6.393849
11.485588
11.741258
4.001412
14.132994
3.764269
2.106009
5.020023
12.272848
0.783925
5.754024
15.482322
11.963023
12.181982
4.738455
3.146181
15.363647
2.273802
6.524250
6.163484
11.821251
9.875517
10.850249
13.432978
21.098273
14.969371
4.665433
13.900219
3.395524
8.307333
14.626755
12.273359
23.179841
8.996176
6.279832
9.236271
9.373781
9.296739
1.579890
11.529000
3.050276
6.462467
4.820667
0.841217
11.105236
3.109988
4.182420
4.674241
5.470578
4.536060
0.789959
7.416239
11.163134
9.465408
5.660949
4.175349
15.311672
8.555613
6.630070
8.514156
4.084972
8.398158
4.942453
4.080175
12.489640
5.313105
10.131347
4.728433
15.095942
15.712252
7.512216
5.817651
22.104160
6.475539
26.742544
6.068200
29.498866
8.255652
7.958563
17.865760
10.362079
6.935496
7.790604
4.526215
5.619817
10.530877
12.340116
10.994539
2.650142
4.808015
8.080923
9.363025
9.372381
32.546805
17.111565
7.255161
2.470744
2.103982
9.714616
8.957795
11.414279
9.525865
10.158271
18.302149
8.260830
9.672032
6.930055
10.647760
7.020426
15.978835
6.167001
8.588991
10.054732
6.670950
4.604180
6.353945
7.306144
11.638658
5.770297
10.866179
1.942189
10.784676
6.326910
6.698518
9.713543
7.535617
6.935391
2.841974
4.851974
8.880034
3.030467
2.010919
11.381740
4.547883
2.422270
10.518797
11.352530
9.802344
10.197401
9.105768
13.104743
4.887508
10.707362
5.606128
8.727419
9.721967
5.178858
3.990988
11.994368
12.253704
16.987282
9.123436
17.582383
13.263168
12.684201
15.146369
6.220911
10.853688
11.364979
8.875221
15.252199
7.749512
5.117723
5.874238
3.611958
1.055101
8.127818
6.340382
7.284543
10.200611
14.243114
11.363876
11.013595
14.279281
9.190878
3.681085
12.509005
2.967163
12.679762
4.032067
4.132225
11.002168
19.748619
15.638106
10.679506
14.924112
6.949186
6.797656
15.136144
6.706024
3.259154
5.666540
3.021912
11.365121
4.339794
4.036690
10.301209
3.177253
8.525750
2.341150
6.452795
13.897602
5.835972
3.255783
12.551312
8.123199
4.800688
19.037716
26.547840
16.599510
10.232626
12.311988
8.304453
1.587657
3.321064
0.775941
5.955949
15.184786
8.820166
8.043205
7.469122
7.841002
16.131060
6.655490
7.291136
17.495857
3.908298
14.332488
7.454318
10.902316
11.053036
3.656866
13.808247
1.625606
9.058350
10.608465
15.301101
35.811823
17.817563
10.503225
5.905628
4.582339
14.154538
9.356900
4.809942
10.883103
8.068318
13.445242
8.377144
6.124658
11.887190
10.709583
17.812188
10.293958
22.998215
12.829134
6.355616
16.914650
12.947729
5.381182
12.335411
12.668884
3.129138
7.148664
5.376029
5.285470
15.937497
18.045325
11.233693
10.677148
11.033485
6.721073
12.701291
9.900989
12.681348
7.150867
14.925762
37.053518
32.219521
9.949674
8.696281
11.560617
15.196427
9.382804
10.717670
8.665592
3.302517
11.137634
8.506658
6.822561
9.158409
12.067904
15.680529
15.735016
20.618660
14.870730
13.379103
39.918713
6.264273
29.432091
17.360079
41.785308
16.465520
9.427093
13.063149
16.313263
17.054063
9.207807
5.535090
15.151370
15.670907
6.389963
7.742283
9.659316
7.852285
6.341035
3.518329
6.483880
3.828081
12.650639
5.029053
9.768911
15.499181
6.366467
13.216840
22.465688
5.686648
6.030547
2.892580
10.781951
12.130335
6.294940
9.442713
5.268259
5.190565
10.091793
6.362617
11.282808
9.597890
9.206210
10.790753
10.048936
5.577034
14.252344
4.955522
12.242661
3.023518
9.247606
26.344930
39.767492
13.968217
42.712401
8.331470
11.675254
3.510344
19.341555
22.593835
25.423656
14.757825
5.866319
6.373926
2.641473
11.545966
6.133856
13.615650
8.601057
1.692059
7.469453
7.527740
9.941334
14.542178
9.384256
3.714230
11.059335
8.858546
6.802104
7.282559
9.993564
14.247146
6.801352
8.256140
0.375200
7.152296
5.877754
3.534833
5.754037
9.099121
8.148442
17.277115
15.290605
4.084689
7.236049
7.870673
12.091204
12.263144
8.336615
14.631906
11.247538
10.553605
5.218962
4.893095
9.614149
7.621305
5.683438
2.567628
9.652577
20.821336
8.119463
9.868868
4.474810
6.892583
11.581076
7.953430
5.394892
0.297454
6.026522
6.280532
13.296927
0.967253
0.965589
7.530983
1.213304
6.065060
9.673029
7.178061
9.384284
7.849939
12.128271
14.170908
9.944748
17.772274
7.682050
9.406367
17.281081
9.019584
2.745601
23.706972
10.513427
13.848117
30.606421
15.382781
20.313243
23.354935
21.888612
19.946234
6.911643
25.137024
16.218722
7.039909
7.829171
3.873504
3.454007
19.523155
15.330102
3.129169
9.849259
7.216901
10.073548
3.687702
10.505384
13.322229
3.024009
2.766882
16.695507
17.345864
8.271390
6.376938
5.763314
1.312574
7.869000
3.594881
22.256952
5.607510
12.645040
18.050811
18.391852
6.729997
28.002303
13.889135
28.081093
49.005794
34.777531
24.332339
5.335004
43.036640
14.179188
8.605957
9.132914
8.164101
4.518425
9.294522
18.122131
8.995145
8.291684
7.003043
8.982918
11.300991
8.278805
12.374968
19.237774
9.447595
13.080496
6.798483
5.226125
19.412837
10.907699
11.551203
12.941024
12.380372
8.457916
9.069954
3.399031
22.191439
4.867386
18.980833
9.232461
20.503684
22.640973
17.454475
20.615210
5.818013
19.132123
12.434465
7.200944
14.742515
6.936557
1.828815
14.597627
7.238944
23.393199
10.135822
7.116937
20.530217
22.186833
31.886036
16.786024
18.245234
7.910601
16.338010
13.174554
34.925060
8.599331
23.190431
11.349159
23.400365
20.353848
17.902919
6.258437
12.336382
3.606428
47.268239
26.643216
12.219489
27.423003
30.185002
2.702600
11.430658
15.504045
7.646999
10.961773
12.609616
17.347642
15.543911
11.344419
12.487489
16.506540
11.839494
5.907300
8.953958
8.192547
10.920715
15.718299
3.722600
19.724609
7.747237
6.264591
17.437504
10.497857
4.621610
5.219055
14.532621
2.930927
2.519911
12.561434
13.373241
9.707953
1.825995
11.413848
4.654398
6.365518
20.743533
8.363764
18.295251
18.988456
10.491781
5.528988
2.438678
11.081100
13.446141
8.650741
10.049688
10.438931
11.715075
3.873878
8.311752
4.923845
2.567080
7.835953
5.212272
0.915302
8.387576
12.548195
8.364365
15.306668
0.443119
12.020441
3.002918
13.885106
4.464150
13.240493
5.149978
13.641260
7.321707
6.846164
11.629993
18.098912
11.447061
0.875386
5.021930
17.578692
12.958859
8.897449
8.381087
4.858922
1.743430
8.612669
3.693689
7.696870
10.222337
11.386795
12.694980
22.148088
9.238380
17.902675
11.200883
15.848390
12.521226
4.581331
5.358597
6.482983
1.497575
16.931221
25.139798
24.815885
9.756592
7.240891
3.842209
13.734139
5.472635
9.866633
2.277564
3.217616
2.849418
2.044060
8.527147
7.794284
11.157935
5.327820
23.071940
13.754547
9.521132
6.736845
8.471092
5.712828
4.602259
4.227191
3.398713
3.036552
7.842104
6.783516
8.349821
10.767533
8.716292
13.592226
17.826753
22.486380
17.317542
5.676864
0.432460
9.288751
13.846589
14.616357
7.429767
5.690744
5.994681
7.966838
7.412625
12.982882
10.789715
9.436809
5.384038
5.732762
9.578304
9.482621
0.822422
5.535981
8.044272
10.035855
7.348052
24.127354
15.659152
17.496584
8.338257
8.267543
8.201498
4.765127
8.292086
5.225988
13.286854
4.385844
4.675525
4.298843
6.385977
5.945010
2.829780
18.284320
9.369684
16.466001
19.853109
14.922912
16.513298
12.077449
17.607195
22.252189
11.319081
11.319078
8.311427
3.207051
3.632089
20.628740
5.328682
15.978978
10.732401
12.022626
11.734513
5.013511
9.931860
1.190553
2.478293
1.472753
13.462981
6.253998
3.729016
0.480526
4.639931
10.837475
7.079234
4.029910
3.630279
8.775746
8.168253
3.674437
5.161360
11.329046
11.364719
3.539282
9.527595
17.787631
5.333043
1.996342
5.186142
1.803296
2.060583
7.791354
8.362602
3.149456
8.227150
3.232332
9.599178
15.974908
7.736828
0.906063
7.473439
5.762937
2.024558
11.135158
14.684394
6.764487
0.687003
5.036062
1.978862
2.633012
0.443272
3.691745
3.746610
1.366771
4.307373
2.850638
4.811843
5.148778
2.053933
6.591947
2.633752
7.549940
5.151574
8.090483
8.519794
12.086512
6.462082
19.325160
12.971318
13.451868
7.463260
7.939297
5.400763
6.053889
5.246861
8.187659
4.843707
7.268271
7.691340
6.350756
7.361167
8.530562
11.990023
4.645825
5.829637
0.692770
1.149958
4.447250
2.626624
4.594185
3.168624
6.404901
5.760310
6.172540
10.784173
4.193340
5.707622
7.320313
4.314457
5.811169
3.512857
13.645407
9.989414
3.515304
7.921789
5.334692
5.508749
10.651719
10.597145
7.347364
0.886451
10.428837
8.785106
7.489417
6.266129
2.383348
1.432265
6.647880
2.694871
6.331963
4.643005
1.536039
6.194301
6.342243
10.723272
5.728160
9.467315
6.113718
9.546105
4.767079
7.891778
5.675518
8.980285
5.818548
3.603103
9.674032
3.640926
6.003405
5.256313
1.763943
9.752599
5.749291
7.018071
6.923051
