0.529408
0.529408
0.529409
0.529410
0.529411
0.529413
0.529415
0.529418
0.529421
0.529424
0.529428
0.529432
0.529436
0.529441
0.529446
0.529451
0.529457
0.529462
0.529468
0.529475
0.529481
0.529488
0.529494
0.529501
0.529509
0.529516
0.529524
0.529532
0.529541
0.529549
0.529558
0.529568
0.529577
0.529587
0.529598
0.529608
0.529619
0.529631
0.529643
0.529655
0.529668
0.529681
0.529695
0.529709
0.529724
0.529739
0.529754
0.529770
0.529786
0.529802
0.529819
0.529836
0.529853
0.529871
0.529889
0.529907
0.529926
0.529944
0.529963
0.529983
0.530002
0.530022
0.530042
0.530062
0.530082
0.530103
0.530124
0.530145
0.530166
0.530188
0.530210
0.530232
0.530255
0.530278
0.530302
0.530325
0.530350
0.530374
0.530399
0.530425
0.530451
0.530477
0.530504
0.530531
0.530559
0.530587
0.530615
0.530644
0.530673
0.530703
0.530733
0.530763
0.530793
0.530824
0.530855
0.530887
0.530918
0.530950
0.530982
0.531015
0.531047
0.531080
0.531113
0.531146
0.531180
0.531214
0.531248
0.531282
0.531317
0.531352
0.531387
0.531422
0.531458
0.531494
0.531531
0.531568
0.531606
0.531643
0.531682
0.531720
0.531759
0.531799
0.531839
0.531879
0.531920
0.531962
0.532003
0.532045
0.532088
0.532130
0.532174
0.532217
0.532261
0.532305
0.532349
0.532394
0.532439
0.532484
0.532530
0.532575
0.532621
0.532667
0.532714
0.532760
0.532807
0.532854
0.532902
0.532949
0.532997
0.533046
0.533094
0.533143
0.533192
0.533242
0.533292
0.533342
0.533393
0.533444
0.533496
0.533548
0.533601
0.533654
0.533707
0.533761
0.533815
0.533870
0.533925
0.533981
0.534036
0.534093
0.534149
0.534206
0.534264
0.534321
0.534379
0.534437
0.534496
0.534554
0.534613
0.534673
0.534732
0.534792
0.534852
0.534912
0.534972
0.535033
0.535094
0.535155
0.535217
0.535278
0.535341
0.535403
0.535466
0.535529
0.535593
0.535657
0.535721
0.535786
0.535852
0.535917
0.535984
0.536050
0.536117
0.536185
0.536253
0.536321
0.536390
0.536459
0.536529
0.536599
0.536669
0.536740
0.536811
0.536883
0.536954
0.537026
0.537098
0.537171
0.537244
0.537317
0.537390
0.537464
0.537537
0.537611
0.537686
0.537760
0.537835
0.537910
0.537986
0.538061
0.538137
0.538214
0.538291
0.538368
0.538446
0.538524
0.538602
0.538681
0.538760
0.538840
0.538920
0.539001
0.539082
0.539164
0.539246
0.539328
0.539411
0.539494
0.539578
0.539662
0.539747
0.539831
0.539917
0.540002
0.540088
0.540174
0.540261
0.540347
0.540434
0.540521
0.540609
0.540697
0.540785
0.540873
0.540961
0.541050
0.541139
0.541229
0.541318
0.541409
0.541499
0.541590
0.541681
0.541772
0.541864
0.541957
0.542050
0.542143
0.542236
0.542331
0.542425
0.542520
0.542616
0.542712
0.542809
0.542906
0.543003
0.543101
0.543199
0.543298
0.543397
0.543496
0.543596
0.543696
0.543796
0.543897
0.543998
0.544099
0.544201
0.544303
0.544405
0.544507
0.544610
0.544713
0.544816
0.544920
0.545024
0.545128
0.545232
0.545337
0.545442
0.545548
0.545654
0.545760
0.545867
0.545974
0.546082
0.546190
0.546299
0.546408
0.546517
0.546627
0.546738
0.546849
0.546960
0.547072
0.547185
0.547297
0.547411
0.547524
0.547638
0.547753
0.547868
0.547983
0.548098
0.548214
0.548330
0.548447
0.548564
0.548681
0.548798
0.548916
0.549034
0.549152
0.549270
0.549389
0.549508
0.549628
0.549747
0.549868
0.549988
0.550109
0.550230
0.550352
0.550474
0.550597
0.550720
0.550844
0.550968
0.551092
0.551217
0.551343
0.551469
0.551595
0.551722
0.551850
0.551978
0.552106
0.552235
0.552365
0.552494
0.552624
0.552755
0.552886
0.553017
0.553149
0.553281
0.553413
0.553545
0.553678
0.553811
0.553945
0.554079
0.554213
0.554347
0.554482
0.554617
0.554752
0.554888
0.555024
0.555161
0.555297
0.555435
0.555573
0.555711
0.555850
0.555989
0.556128
0.556269
0.556409
0.556551
0.556692
0.556835
0.556977
0.557121
0.557264
0.557409
0.557553
0.557699
0.557844
0.557990
0.558137
0.558284
0.558431
0.558579
0.558727
0.558875
0.559024
0.559173
0.559323
0.559472
0.559622
0.559773
0.559923
0.560074
0.560226
0.560377
0.560529
0.560682
0.560835
0.560988
0.561142
0.561296
0.561450
0.561605
0.561761
0.561917
0.562073
0.562231
0.562388
0.562546
0.562705
0.562864
0.563024
0.563184
0.563345
0.563507
0.563668
0.563831
0.563994
0.564157
0.564321
0.564485
0.564649
0.564814
0.564980
0.565145
0.565311
0.565478
0.565645
0.565812
0.565979
0.566147
0.566315
0.566483
0.566652
0.566821
0.566991
0.567161
0.567331
0.567502
0.567674
0.567845
0.568018
0.568190
0.568364
0.568537
0.568712
0.568887
0.569062
0.569238
0.569415
0.569592
0.569770
0.569948
0.570127
0.570306
0.570486
0.570666
0.570847
0.571029
0.571210
0.571393
0.571575
0.571759
0.571942
0.572126
0.572310
0.572495
0.572680
0.572866
0.573051
0.573237
0.573424
0.573611
0.573798
0.573986
0.574174
0.574363
0.574552
0.574741
0.574931
0.575121
0.575312
0.575504
0.575696
0.575888
0.576081
0.576275
0.576469
0.576664
0.576860
0.577056
0.577252
0.577450
0.577648
0.577846
0.578045
0.578244
0.578444
0.578645
0.578846
0.579048
0.579249
0.579452
0.579655
0.579858
0.580062
0.580266
0.580470
0.580675
0.580880
0.581086
0.581292
0.581499
0.581705
0.581913
0.582120
0.582329
0.582537
0.582746
0.582956
0.583166
0.583377
0.583588
0.583800
0.584013
0.584226
0.584439
0.584654
0.584869
0.585084
0.585300
0.585517
0.585735
0.585953
0.586171
0.586391
0.586610
0.586831
0.587052
0.587273
0.587495
0.587717
0.587940
0.588164
0.588388
0.588612
0.588836
0.589062
0.589287
0.589513
0.589740
0.589966
0.590194
0.590421
0.590650
0.590878
0.591107
0.591337
0.591567
0.591798
0.592029
0.592261
0.592493
0.592727
0.592960
0.593195
0.593430
0.593665
0.593901
0.594138
0.594376
0.594614
0.594853
0.595093
0.595333
0.595574
0.595815
0.596058
0.596300
0.596543
0.596787
0.597031
0.597276
0.597522
0.597767
0.598014
0.598260
0.598508
0.598755
0.599003
0.599252
0.599501
0.599750
0.600000
0.600251
0.600502
0.600753
0.601006
0.601258
0.601511
0.601765
0.602020
0.602275
0.602531
0.602787
0.603044
0.603302
0.603560
0.603820
0.604079
0.604340
0.604601
0.604863
0.605126
0.605389
0.605653
0.605918
0.606184
0.606449
0.606716
0.606983
0.607251
0.607519
0.607788
0.608057
0.608327
0.608598
0.608868
0.609140
0.609412
0.609684
0.609957
0.610230
0.610504
0.610779
0.611054
0.611329
0.611606
0.611882
0.612160
0.612438
0.612717
0.612996
0.613276
0.613557
0.613839
0.614121
0.614404
0.614688
0.614972
0.615258
0.615544
0.615831
0.616118
0.616406
0.616695
0.616985
0.617275
0.617567
0.617858
0.618151
0.618444
0.618737
0.619031
0.619326
0.619621
0.619917
0.620214
0.620511
0.620808
0.621106
0.621405
0.621704
0.622004
0.622304
0.622605
0.622906
0.623209
0.623511
0.623815
0.624119
0.624424
0.624730
0.625036
0.625344
0.625652
0.625960
0.626270
0.626580
0.626891
0.627203
0.627516
0.627830
0.628144
0.628460
0.628775
0.629092
0.629410
0.629728
0.630047
0.630366
0.630687
0.631008
0.631329
0.631651
0.631974
0.632297
0.632622
0.632946
0.633271
0.633597
0.633924
0.634251
0.634578
0.634907
0.635236
0.635565
0.635896
0.636227
0.636559
0.636891
0.637225
0.637559
0.637894
0.638230
0.638566
0.638904
0.639242
0.639581
0.639921
0.640262
0.640604
0.640947
0.641290
0.641635
0.641980
0.642326
0.642673
0.643021
0.643369
0.643718
0.644068
0.644419
0.644770
0.645122
0.645475
0.645828
0.646182
0.646537
0.646892
0.647248
0.647605
0.647962
0.648320
0.648679
0.649039
0.649399
0.649760
0.650122
0.650484
0.650848
0.651212
0.651577
0.651943
0.652310
0.652678
0.653047
0.653416
0.653787
0.654159
0.654531
0.654905
0.655279
0.655654
0.656031
0.656408
0.656786
0.657165
0.657545
0.657925
0.658307
0.658689
0.659072
0.659456
0.659840
0.660226
0.660612
0.660998
0.661386
0.661774
0.662163
0.662553
0.662944
0.663335
0.663727
0.664120
0.664513
0.664908
0.665303
0.665700
0.666097
0.666495
0.666894
0.667294
0.667695
0.668097
0.668500
0.668904
0.669309
0.669715
0.670122
0.670530
0.670939
0.671349
0.671760
0.672172
0.672585
0.672999
0.673414
0.673830
0.674247
0.674664
0.675083
0.675502
0.675923
0.676344
0.676766
0.677188
0.677612
0.678036
0.678461
0.678887
0.679314
0.679742
0.680171
0.680600
0.681030
0.681462
0.681894
0.682327
0.682761
0.683196
0.683633
0.684070
0.684508
0.684948
0.685388
0.685830
0.686272
0.686716
0.687161
0.687607
0.688055
0.688503
0.688952
0.689403
0.689854
0.690307
0.690761
0.691215
0.691671
0.692128
0.692585
0.693044
0.693504
0.693964
0.694425
0.694888
0.695351
0.695815
0.696280
0.696746
0.697213
0.697681
0.698149
0.698619
0.699090
0.699562
0.700035
0.700509
0.700984
0.701460
0.701937
0.702415
0.702895
0.703376
0.703858
0.704341
0.704825
0.705311
0.705798
0.706286
0.706775
0.707266
0.707758
0.708251
0.708745
0.709240
0.709736
0.710234
0.710733
0.711233
0.711733
0.712235
0.712738
0.713242
0.713747
0.714253
0.714760
0.715269
0.715778
0.716288
0.716799
0.717311
0.717825
0.718339
0.718855
0.719371
0.719889
0.720408
0.720928
0.721450
0.721973
0.722497
0.723022
0.723549
0.724077
0.724606
0.725137
0.725669
0.726202
0.726737
0.727273
0.727810
0.728349
0.728889
0.729431
0.729973
0.730517
0.731062
0.731609
0.732157
0.732706
0.733256
0.733807
0.734359
0.734913
0.735468
0.736023
0.736580
0.737139
0.737698
0.738258
0.738820
0.739383
0.739947
0.740513
0.741079
0.741647
0.742217
0.742787
0.743359
0.743933
0.744507
0.745084
0.745661
0.746241
0.746821
0.747404
0.747987
0.748573
0.749159
0.749747
0.750337
0.750928
0.751521
0.752115
0.752711
0.753308
0.753906
0.754506
0.755107
0.755710
0.756314
0.756919
0.757525
0.758133
0.758742
0.759353
0.759964
0.760577
0.761192
0.761807
0.762424
0.763043
0.763662
0.764284
0.764906
0.765530
0.766156
0.766783
0.767411
0.768041
0.768673
0.769307
0.769942
0.770578
0.771216
0.771856
0.772498
0.773141
0.773786
0.774433
0.775081
0.775731
0.776383
0.777036
0.777691
0.778348
0.779006
0.779666
0.780327
0.780990
0.781654
0.782320
0.782987
0.783655
0.784326
0.784997
0.785670
0.786345
0.787021
0.787699
0.788378
0.789059
0.789741
0.790425
0.791110
0.791798
0.792486
0.793177
0.793869
0.794563
0.795259
0.795957
0.796656
0.797357
0.798061
0.798766
0.799473
0.800181
0.800892
0.801605
0.802319
0.803035
0.803754
0.804474
0.805196
0.805919
0.806645
0.807372
0.808101
0.808831
0.809564
0.810298
0.811034
0.811771
0.812511
0.813252
0.813994
0.814738
0.815484
0.816232
0.816982
0.817733
0.818486
0.819241
0.819997
0.820756
0.821516
0.822279
0.823043
0.823810
0.824578
0.825348
0.826121
0.826895
0.827672
0.828451
0.829232
0.830015
0.830800
0.831587
0.832377
0.833168
0.833962
0.834758
0.835555
0.836355
0.837157
0.837961
0.838767
0.839575
0.840385
0.841197
0.842010
0.842826
0.843644
0.844463
0.845285
0.846108
0.846934
0.847761
0.848591
0.849422
0.850256
0.851091
0.851929
0.852769
0.853611
0.854455
0.855302
0.856150
0.857001
0.857855
0.858711
0.859569
0.860429
0.861292
0.862157
0.863025
0.863895
0.864768
0.865643
0.866520
0.867400
0.868282
0.869167
0.870054
0.870943
0.871834
0.872728
0.873624
0.874523
0.875423
0.876326
0.877231
0.878139
0.879048
0.879960
0.880874
0.881791
0.882710
0.883631
0.884554
0.885480
0.886408
0.887338
0.888271
0.889207
0.890145
0.891086
0.892029
0.892975
0.893923
0.894875
0.895828
0.896785
0.897745
0.898707
0.899672
0.900639
0.901610
0.902583
0.903559
0.904538
0.905520
0.906504
0.907491
0.908481
0.909473
0.910468
0.911466
0.912466
0.913469
0.914474
0.915483
0.916493
0.917507
0.918523
0.919541
0.920563
0.921586
0.922613
0.923642
0.924674
0.925709
0.926747
0.927788
0.928831
0.929877
0.930927
0.931979
0.933035
0.934093
0.935155
0.936219
0.937287
0.938358
0.939433
0.940510
0.941591
0.942675
0.943762
0.944852
0.945945
0.947042
0.948142
0.949245
0.950351
0.951460
0.952572
0.953688
0.954806
0.955928
0.957052
0.958180
0.959310
0.960444
0.961581
0.962721
0.963864
0.965010
0.966159
0.967312
0.968468
0.969626
0.970789
0.971954
0.973123
0.974296
0.975472
0.976651
0.977834
0.979021
0.980211
0.981404
0.982602
0.983803
0.985008
0.986216
0.987429
0.988645
0.989865
0.991088
0.992315
0.993546
0.994781
0.996019
0.997261
0.998507
0.999756
1.001009
1.002266
1.003526
1.004790
1.006057
1.007328
1.008603
1.009881
1.011163
1.012448
1.013738
1.015031
1.016328
1.017628
1.018933
1.020241
1.021553
1.022869
1.024190
1.025514
1.026843
1.028175
1.029512
1.030853
1.032199
1.033548
1.034902
1.036261
1.037624
1.038991
1.040362
1.041738
1.043119
1.044503
1.045892
1.047286
1.048684
1.050086
1.051492
1.052903
1.054318
1.055738
1.057161
1.058590
1.060022
1.061459
1.062900
1.064345
1.065795
1.067249
1.068707
1.070170
1.071637
1.073109
1.074586
1.076067
1.077553
1.079044
1.080539
1.082039
1.083544
1.085054
1.086570
1.088090
1.089615
1.091145
1.092681
1.094221
1.095767
1.097318
1.098874
1.100436
1.102002
1.103574
1.105151
1.106734
1.108321
1.109914
1.111512
1.113115
1.114723
1.116337
1.117955
1.119579
1.121208
1.122842
1.124482
1.126126
1.127776
1.129431
1.131092
1.132758
1.134429
1.136106
1.137788
1.139476
1.141169
1.142868
1.144573
1.146284
1.148000
1.149723
1.151451
1.153186
1.154927
1.156673
1.158426
1.160186
1.161951
1.163723
1.165500
1.167285
1.169075
1.170872
1.172675
1.174484
1.176300
1.178122
1.179950
1.181784
1.183625
1.185472
1.187326
1.189185
1.191051
1.192923
1.194802
1.196687
1.198578
1.200476
1.202380
1.204291
1.206208
1.208133
1.210063
1.212001
1.213945
1.215897
1.217855
1.219821
1.221793
1.223773
1.225760
1.227755
1.229757
1.231766
1.233783
1.235807
1.237839
1.239878
1.241926
1.243980
1.246043
1.248113
1.250191
1.252276
1.254369
1.256470
1.258579
1.260695
1.262819
1.264951
1.267090
1.269237
1.271392
1.273555
1.275726
1.277904
1.280090
1.282285
1.284487
1.286697
1.288916
1.291143
1.293378
1.295621
1.297873
1.300134
1.302403
1.304681
1.306967
1.309263
1.311567
1.313881
1.316204
1.318535
1.320876
1.323227
1.325586
1.327956
1.330334
1.332722
1.335119
1.337526
1.339943
1.342368
1.344804
1.347249
1.349704
1.352168
1.354642
1.357125
1.359618
1.362121
1.364633
1.367156
1.369688
1.372229
1.374781
1.377343
1.379915
1.382497
1.385089
1.387691
1.390304
1.392928
1.395562
1.398206
1.400862
1.403528
1.406206
1.408894
1.411594
1.414305
1.417028
1.419762
1.422507
1.425264
1.428033
1.430814
1.433606
1.436410
1.439226
1.442055
1.444895
1.447747
1.450611
1.453487
1.456375
1.459276
1.462188
1.465113
1.468050
1.471000
1.473961
1.476936
1.479922
1.482921
1.485933
1.488957
1.491995
1.495045
1.498108
1.501185
1.504274
1.507377
1.510494
1.513624
1.516768
1.519926
1.523097
1.526283
1.529484
1.532699
1.535928
1.539172
1.542430
1.545704
1.548992
1.552296
1.555614
1.558948
1.562297
1.565661
1.569040
1.572435
1.575846
1.579272
1.582713
1.586170
1.589643
1.593132
1.596637
1.600157
1.603693
1.607246
1.610815
1.614399
1.618001
1.621619
1.625253
1.628904
1.632573
1.636258
1.639960
1.643680
1.647418
1.651173
1.654946
1.658737
1.662547
1.666375
1.670221
1.674086
1.677970
1.681873
1.685796
1.689737
1.693698
1.697679
1.701679
1.705700
1.709740
1.713800
1.717880
1.721981
1.726102
1.730243
1.734404
1.738587
1.742790
1.747014
1.751259
1.755524
1.759811
1.764120
1.768449
1.772801
1.777174
1.781569
1.785986
1.790425
1.794887
1.799372
1.803879
1.808410
1.812964
1.817542
1.822143
1.826769
1.831419
1.836093
1.840792
1.845516
1.850265
1.855040
1.859840
1.864666
1.869518
1.874396
1.879301
1.884232
1.889190
1.894175
1.899186
1.904225
1.909292
1.914385
1.919507
1.924656
1.929834
1.935039
1.940273
1.945535
1.950826
1.956146
1.961496
1.966874
1.972282
1.977720
1.983189
1.988687
1.994217
1.999777
2.005369
2.010992
2.016647
2.022334
2.028054
2.033807
2.039593
2.045413
2.051267
2.057154
2.063077
2.069034
2.075026
2.081054
2.087117
2.093217
2.099352
2.105525
2.111734
2.117980
2.124264
2.130585
2.136945
2.143342
2.149778
2.156252
2.162766
2.169319
2.175911
2.182543
2.189216
2.195928
2.202682
2.209477
2.216314
2.223192
2.230113
2.237077
2.244083
2.251134
2.258228
2.265367
2.272551
2.279781
2.287056
2.294378
2.301747
2.309163
2.316627
2.324140
2.331701
2.339312
2.346973
2.354684
2.362445
2.370258
2.378123
2.386040
2.394009
2.402031
2.410107
2.418236
2.426420
2.434659
2.442953
2.451302
2.459708
2.468170
2.476689
2.485266
2.493902
2.502595
2.511348
2.520161
2.529034
2.537969
2.546964
2.556022
2.565143
2.574328
2.583577
2.592891
2.602271
2.611717
2.621230
2.630812
2.640462
2.650181
2.659971
2.669832
2.679765
2.689770
2.699849
2.710001
2.720229
2.730532
2.740911
2.751368
2.761902
2.772515
2.783207
2.793980
2.804833
2.815768
2.826785
2.837885
2.849069
2.860339
2.871693
2.883135
2.894663
2.906280
2.917986
2.929782
2.941670
2.953649
2.965722
2.977889
2.990151
3.002509
3.014965
3.027520
3.040175
3.052930
3.065788
3.078750
3.091816
3.104988
3.118267
3.131654
3.145152
3.158760
3.172480
3.186314
3.200263
3.214327
3.228509
3.242810
3.257230
3.271772
3.286436
3.301224
3.316136
3.331175
3.346342
3.361638
3.377065
3.392623
3.408314
3.424141
3.440104
3.456204
3.472444
3.488825
3.505348
3.522016
3.538830
3.555791
3.572903
3.590165
3.607581
3.625152
3.642879
3.660766
3.678814
3.697024
3.715400
3.733942
3.752653
3.771536
3.790591
3.809822
3.829229
3.848816
3.868584
3.888536
3.908673
3.928998
3.949513
3.970219
3.991119
4.012216
4.033510
4.055005
4.076703
4.098605
4.120714
4.143033
4.165563
4.188307
4.211267
4.234446
4.257846
4.281469
4.305318
4.329396
4.353704
4.378247
4.403025
4.428042
4.453301
4.478804
4.504555
4.530554
4.556807
4.583314
4.610080
4.637106
4.664395
4.691950
4.719774
4.747870
4.776240
4.804886
4.833811
4.863018
4.892509
4.922287
4.952354
4.982711
5.013363
5.044310
5.075554
5.107099
5.138946
5.171096
5.203552
5.236316
5.269390
5.302774
5.336471
5.370482
5.404809
5.439453
5.474416
5.509698
5.545300
5.581224
5.617470
5.654039
5.690931
5.728147
5.765686
5.803549
5.841735
5.880244
5.919074
5.958226
5.997696
6.037484
6.077587
6.118003
6.158729
6.199762
6.241099
6.282734
6.324665
6.366884
6.409388
6.452170
6.495224
6.538542
6.582116
6.625940
6.670002
6.714295
6.758808
6.803530
6.848450
6.893555
6.938833
6.984270
7.029851
7.075562
7.121386
7.167306
7.213306
7.259365
7.305465
7.351586
7.397706
7.443803
7.489854
7.535835
7.581720
7.627484
7.673099
7.718537
7.763770
7.808766
7.853495
7.897925
7.942023
7.985753
8.029083
8.071975
8.114393
8.156300
8.197657
8.238426
8.278566
8.318038
8.356802
8.394816
8.432039
8.468430
8.503948
8.538551
8.572197
8.604847
8.636458
8.666992
8.696408
8.724667
8.751733
8.777567
8.802135
8.825401
8.847333
8.867898
8.887068
8.904813
8.921107
8.935926
8.949248
8.961051
8.971317
8.980032
8.987180
8.992752
8.996738
8.999133
8.999931
8.999133
8.996738
8.992752
8.987180
8.980032
8.971317
8.961051
8.949248
8.935926
8.921107
8.904813
8.887068
8.867898
8.847333
8.825401
8.802135
8.777567
8.751733
8.724667
8.696408
8.666992
8.636458
8.604847
8.572197
8.538551
8.503948
8.468430
8.432039
8.394816
8.356802
8.318038
8.278566
8.238426
8.197657
8.156300
8.114393
8.071975
8.029083
7.985753
7.942023
7.897925
7.853495
7.808766
7.763770
7.718537
7.673099
7.627484
7.581720
7.535835
7.489854
7.443803
7.397706
7.351586
7.305465
7.259365
7.213306
7.167306
7.121386
7.075562
7.029851
6.984270
6.938833
6.893555
6.848450
6.803530
6.758808
6.714295
6.670002
6.625940
6.582116
6.538542
6.495224
6.452170
6.409388
6.366884
6.324665
6.282734
6.241099
6.199762
6.158729
6.118003
6.077587
6.037484
5.997696
5.958226
5.919074
5.880244
5.841735
5.803549
5.765686
5.728147
5.690931
5.654039
5.617470
5.581224
5.545300
5.509698
5.474416
5.439453
5.404809
5.370482
5.336471
5.302774
5.269390
5.236316
5.203552
5.171096
5.138946
5.107099
5.075554
5.044310
5.013363
4.982711
4.952354
4.922287
4.892509
4.863018
4.833811
4.804886
4.776240
4.747870
4.719774
4.691950
4.664395
4.637106
4.610080
4.583314
4.556807
4.530554
4.504555
4.478804
4.453301
4.428042
4.403025
4.378247
4.353704
4.329396
4.305318
4.281469
4.257846
4.234446
4.211267
4.188307
4.165563
4.143033
4.120714
4.098605
4.076703
4.055005
4.033510
4.012216
3.991119
3.970219
3.949513
3.928998
3.908673
3.888536
3.868584
3.848816
3.829229
3.809822
3.790591
3.771536
3.752653
3.733942
3.715400
3.697024
3.678814
3.660766
3.642879
3.625152
3.607581
3.590165
3.572903
3.555791
3.538830
3.522016
3.505348
3.488825
3.472444
3.456204
3.440104
3.424141
3.408314
3.392623
3.377065
3.361638
3.346342
3.331175
3.316136
3.301224
3.286436
3.271772
3.257230
3.242810
3.228509
3.214327
3.200263
3.186314
3.172480
3.158760
3.145152
3.131654
3.118267
3.104988
3.091816
3.078750
3.065788
3.052930
3.040175
3.027520
3.014965
3.002509
2.990151
2.977889
2.965722
2.953649
2.941670
2.929782
2.917986
2.906280
2.894663
2.883135
2.871693
2.860339
2.849069
2.837885
2.826785
2.815768
2.804833
2.793980
2.783207
2.772515
2.761902
2.751368
2.740911
2.730532
2.720229
2.710001
2.699849
2.689770
2.679765
2.669832
2.659971
2.650181
2.640462
2.630812
2.621230
2.611717
2.602271
2.592891
2.583577
2.574328
2.565143
2.556022
2.546964
2.537969
2.529034
2.520161
2.511348
2.502595
2.493902
2.485266
2.476689
2.468170
2.459708
2.451302
2.442953
2.434659
2.426420
2.418236
2.410107
2.402031
2.394009
2.386040
2.378123
2.370258
2.362445
2.354684
2.346973
2.339312
2.331701
2.324140
2.316627
2.309163
2.301747
2.294378
2.287056
2.279781
2.272551
2.265367
2.258228
2.251134
2.244083
2.237077
2.230113
2.223192
2.216314
2.209477
2.202682
2.195928
2.189216
2.182543
2.175911
2.169319
2.162766
2.156252
2.149778
2.143342
2.136945
2.130585
2.124264
2.117980
2.111734
2.105525
2.099352
2.093217
2.087117
2.081054
2.075026
2.069034
2.063077
2.057154
2.051267
2.045413
2.039593
2.033807
2.028054
2.022334
2.016647
2.010992
2.005369
1.999777
1.994217
1.988687
1.983189
1.977720
1.972282
1.966874
1.961496
1.956146
1.950826
1.945535
1.940273
1.935039
1.929834
1.924656
1.919507
1.914385
1.909292
1.904225
1.899186
1.894175
1.889190
1.884232
1.879301
1.874396
1.869518
1.864666
1.859840
1.855040
1.850265
1.845516
1.840792
1.836093
1.831419
1.826769
1.822143
1.817542
1.812964
1.808410
1.803879
1.799372
1.794887
1.790425
1.785986
1.781569
1.777174
1.772801
1.768449
1.764120
1.759811
1.755524
1.751259
1.747014
1.742790
1.738587
1.734404
1.730243
1.726102
1.721981
1.717880
1.713800
1.709740
1.705700
1.701679
1.697679
1.693698
1.689737
1.685796
1.681873
1.677970
1.674086
1.670221
1.666375
1.662547
1.658737
1.654946
1.651173
1.647418
1.643680
1.639960
1.636258
1.632573
1.628904
1.625253
1.621619
1.618001
1.614399
1.610815
1.607246
1.603693
1.600157
1.596637
1.593132
1.589643
1.586170
1.582713
1.579272
1.575846
1.572435
1.569040
1.565661
1.562297
1.558948
1.555614
1.552296
1.548992
1.545704
1.542430
1.539172
1.535928
1.532699
1.529484
1.526283
1.523097
1.519926
1.516768
1.513624
1.510494
1.507377
1.504274
1.501185
1.498108
1.495045
1.491995
1.488957
1.485933
1.482921
1.479922
1.476936
1.473961
1.471000
1.468050
1.465113
1.462188
1.459276
1.456375
1.453487
1.450611
1.447747
1.444895
1.442055
1.439226
1.436410
1.433606
1.430814
1.428033
1.425264
1.422507
1.419762
1.417028
1.414305
1.411594
1.408894
1.406206
1.403528
1.400862
1.398206
1.395562
1.392928
1.390304
1.387691
1.385089
1.382497
1.379915
1.377343
1.374781
1.372229
1.369688
1.367156
1.364633
1.362121
1.359618
1.357125
1.354642
1.352168
1.349704
1.347249
1.344804
1.342368
1.339943
1.337526
1.335119
1.332722
1.330334
1.327956
1.325586
1.323227
1.320876
1.318535
1.316204
1.313881
1.311567
1.309263
1.306967
1.304681
1.302403
1.300134
1.297873
1.295621
1.293378
1.291143
1.288916
1.286697
1.284487
1.282285
1.280090
1.277904
1.275726
1.273555
1.271392
1.269237
1.267090
1.264951
1.262819
1.260695
1.258579
1.256470
1.254369
1.252276
1.250191
1.248113
1.246043
1.243980
1.241926
1.239878
1.237839
1.235807
1.233783
1.231766
1.229757
1.227755
1.225760
1.223773
1.221793
1.219821
1.217855
1.215897
1.213945
1.212001
1.210063
1.208133
1.206208
1.204291
1.202380
1.200476
1.198578
1.196687
1.194802
1.192923
1.191051
1.189185
1.187326
1.185472
1.183625
1.181784
1.179950
1.178122
1.176300
1.174484
1.172675
1.170872
1.169075
1.167285
1.165500
1.163723
1.161951
1.160186
1.158426
1.156673
1.154927
1.153186
1.151451
1.149723
1.148000
1.146284
1.144573
1.142868
1.141169
1.139476
1.137788
1.136106
1.134429
1.132758
1.131092
1.129431
1.127776
1.126126
1.124482
1.122842
1.121208
1.119579
1.117955
1.116337
1.114723
1.113115
1.111512
1.109914
1.108321
1.106734
1.105151
1.103574
1.102002
1.100436
1.098874
1.097318
1.095767
1.094221
1.092681
1.091145
1.089615
1.088090
1.086570
1.085054
1.083544
1.082039
1.080539
1.079044
1.077553
1.076067
1.074586
1.073109
1.071637
1.070170
1.068707
1.067249
1.065795
1.064345
1.062900
1.061459
1.060022
1.058590
1.057161
1.055738
1.054318
1.052903
1.051492
1.050086
1.048684
1.047286
1.045892
1.044503
1.043119
1.041738
1.040362
1.038991
1.037624
1.036261
1.034902
1.033548
1.032199
1.030853
1.029512
1.028175
1.026843
1.025514
1.024190
1.022869
1.021553
1.020241
1.018933
1.017628
1.016328
1.015031
1.013738
1.012448
1.011163
1.009881
1.008603
1.007328
1.006057
1.004790
1.003526
1.002266
1.001009
0.999756
0.998507
0.997261
0.996019
0.994781
0.993546
0.992315
0.991088
0.989865
0.988645
0.987429
0.986216
0.985008
0.983803
0.982602
0.981404
0.980211
0.979021
0.977834
0.976651
0.975472
0.974296
0.973123
0.971954
0.970789
0.969626
0.968468
0.967312
0.966159
0.965010
0.963864
0.962721
0.961581
0.960444
0.959310
0.958180
0.957052
0.955928
0.954806
0.953688
0.952572
0.951460
0.950351
0.949245
0.948142
0.947042
0.945945
0.944852
0.943762
0.942675
0.941591
0.940510
0.939433
0.938358
0.937287
0.936219
0.935155
0.934093
0.933035
0.931979
0.930927
0.929877
0.928831
0.927788
0.926747
0.925709
0.924674
0.923642
0.922613
0.921586
0.920563
0.919541
0.918523
0.917507
0.916493
0.915483
0.914474
0.913469
0.912466
0.911466
0.910468
0.909473
0.908481
0.907491
0.906504
0.905520
0.904538
0.903559
0.902583
0.901610
0.900639
0.899672
0.898707
0.897745
0.896785
0.895828
0.894875
0.893923
0.892975
0.892029
0.891086
0.890145
0.889207
0.888271
0.887338
0.886408
0.885480
0.884554
0.883631
0.882710
0.881791
0.880874
0.879960
0.879048
0.878139
0.877231
0.876326
0.875423
0.874523
0.873624
0.872728
0.871834
0.870943
0.870054
0.869167
0.868282
0.867400
0.866520
0.865643
0.864768
0.863895
0.863025
0.862157
0.861292
0.860429
0.859569
0.858711
0.857855
0.857001
0.856150
0.855302
0.854455
0.853611
0.852769
0.851929
0.851091
0.850256
0.849422
0.848591
0.847761
0.846934
0.846108
0.845285
0.844463
0.843644
0.842826
0.842010
0.841197
0.840385
0.839575
0.838767
0.837961
0.837157
0.836355
0.835555
0.834758
0.833962
0.833168
0.832377
0.831587
0.830800
0.830015
0.829232
0.828451
0.827672
0.826895
0.826121
0.825348
0.824578
0.823810
0.823043
0.822279
0.821516
0.820756
0.819997
0.819241
0.818486
0.817733
0.816982
0.816232
0.815484
0.814738
0.813994
0.813252
0.812511
0.811771
0.811034
0.810298
0.809564
0.808831
0.808101
0.807372
0.806645
0.805919
0.805196
0.804474
0.803754
0.803035
0.802319
0.801605
0.800892
0.800181
0.799473
0.798766
0.798061
0.797357
0.796656
0.795957
0.795259
0.794563
0.793869
0.793177
0.792486
0.791798
0.791110
0.790425
0.789741
0.789059
0.788378
0.787699
0.787021
0.786345
0.785670
0.784997
0.784326
0.783655
0.782987
0.782320
0.781654
0.780990
0.780327
0.779666
0.779006
0.778348
0.777691
0.777036
0.776383
0.775731
0.775081
0.774433
0.773786
0.773141
0.772498
0.771856
0.771216
0.770578
0.769942
0.769307
0.768673
0.768041
0.767411
0.766783
0.766156
0.765530
0.764906
0.764284
0.763662
0.763043
0.762424
0.761807
0.761192
0.760577
0.759964
0.759353
0.758742
0.758133
0.757525
0.756919
0.756314
0.755710
0.755107
0.754506
0.753906
0.753308
0.752711
0.752115
0.751521
0.750928
0.750337
0.749747
0.749159
0.748573
0.747987
0.747404
0.746821
0.746241
0.745661
0.745084
0.744507
0.743933
0.743359
0.742787
0.742217
0.741647
0.741079
0.740513
0.739947
0.739383
0.738820
0.738258
0.737698
0.737139
0.736580
0.736023
0.735468
0.734913
0.734359
0.733807
0.733256
0.732706
0.732157
0.731609
0.731062
0.730517
0.729973
0.729431
0.728889
0.728349
0.727810
0.727273
0.726737
0.726202
0.725669
0.725137
0.724606
0.724077
0.723549
0.723022
0.722497
0.721973
0.721450
0.720928
0.720408
0.719889
0.719371
0.718855
0.718339
0.717825
0.717311
0.716799
0.716288
0.715778
0.715269
0.714760
0.714253
0.713747
0.713242
0.712738
0.712235
0.711733
0.711233
0.710733
0.710234
0.709736
0.709240
0.708745
0.708251
0.707758
0.707266
0.706775
0.706286
0.705798
0.705311
0.704825
0.704341
0.703858
0.703376
0.702895
0.702415
0.701937
0.701460
0.700984
0.700509
0.700035
0.699562
0.699090
0.698619
0.698149
0.697681
0.697213
0.696746
0.696280
0.695815
0.695351
0.694888
0.694425
0.693964
0.693504
0.693044
0.692585
0.692128
0.691671
0.691215
0.690761
0.690307
0.689854
0.689403
0.688952
0.688503
0.688055
0.687607
0.687161
0.686716
0.686272
0.685830
0.685388
0.684948
0.684508
0.684070
0.683633
0.683196
0.682761
0.682327
0.681894
0.681462
0.681030
0.680600
0.680171
0.679742
0.679314
0.678887
0.678461
0.678036
0.677612
0.677188
0.676766
0.676344
0.675923
0.675502
0.675083
0.674664
0.674247
0.673830
0.673414
0.672999
0.672585
0.672172
0.671760
0.671349
0.670939
0.670530
0.670122
0.669715
0.669309
0.668904
0.668500
0.668097
0.667695
0.667294
0.666894
0.666495
0.666097
0.665700
0.665303
0.664908
0.664513
0.664120
0.663727
0.663335
0.662944
0.662553
0.662163
0.661774
0.661386
0.660998
0.660612
0.660226
0.659840
0.659456
0.659072
0.658689
0.658307
0.657925
0.657545
0.657165
0.656786
0.656408
0.656031
0.655654
0.655279
0.654905
0.654531
0.654159
0.653787
0.653416
0.653047
0.652678
0.652310
0.651943
0.651577
0.651212
0.650848
0.650484
0.650122
0.649760
0.649399
0.649039
0.648679
0.648320
0.647962
0.647605
0.647248
0.646892
0.646537
0.646182
0.645828
0.645475
0.645122
0.644770
0.644419
0.644068
0.643718
0.643369
0.643021
0.642673
0.642326
0.641980
0.641635
0.641290
0.640947
0.640604
0.640262
0.639921
0.639581
0.639242
0.638904
0.638566
0.638230
0.637894
0.637559
0.637225
0.636891
0.636559
0.636227
0.635896
0.635565
0.635236
0.634907
0.634578
0.634251
0.633924
0.633597
0.633271
0.632946
0.632622
0.632297
0.631974
0.631651
0.631329
0.631008
0.630687
0.630366
0.630047
0.629728
0.629410
0.629092
0.628775
0.628460
0.628144
0.627830
0.627516
0.627203
0.626891
0.626580
0.626270
0.625960
0.625652
0.625344
0.625036
0.624730
0.624424
0.624119
0.623815
0.623511
0.623209
0.622906
0.622605
0.622304
0.622004
0.621704
0.621405
0.621106
0.620808
0.620511
0.620214
0.619917
0.619621
0.619326
0.619031
0.618737
0.618444
0.618151
0.617858
0.617567
0.617275
0.616985
0.616695
0.616406
0.616118
0.615831
0.615544
0.615258
0.614972
0.614688
0.614404
0.614121
0.613839
0.613557
0.613276
0.612996
0.612717
0.612438
0.612160
0.611882
0.611606
0.611329
0.611054
0.610779
0.610504
0.610230
0.609957
0.609684
0.609412
0.609140
0.608868
0.608598
0.608327
0.608057
0.607788
0.607519
0.607251
0.606983
0.606716
0.606449
0.606184
0.605918
0.605653
0.605389
0.605126
0.604863
0.604601
0.604340
0.604079
0.603820
0.603560
0.603302
0.603044
0.602787
0.602531
0.602275
0.602020
0.601765
0.601511
0.601258
0.601006
0.600753
0.600502
0.600251
0.600000
0.599750
0.599501
0.599252
0.599003
0.598755
0.598508
0.598260
0.598014
0.597767
0.597522
0.597276
0.597031
0.596787
0.596543
0.596300
0.596058
0.595815
0.595574
0.595333
0.595093
0.594853
0.594614
0.594376
0.594138
0.593901
0.593665
0.593430
0.593195
0.592960
0.592727
0.592493
0.592261
0.592029
0.591798
0.591567
0.591337
0.591107
0.590878
0.590650
0.590421
0.590194
0.589966
0.589740
0.589513
0.589287
0.589062
0.588836
0.588612
0.588388
0.588164
0.587940
0.587717
0.587495
0.587273
0.587052
0.586831
0.586610
0.586391
0.586171
0.585953
0.585735
0.585517
0.585300
0.585084
0.584869
0.584654
0.584439
0.584226
0.584013
0.583800
0.583588
0.583377
0.583166
0.582956
0.582746
0.582537
0.582329
0.582120
0.581913
0.581705
0.581499
0.581292
0.581086
0.580880
0.580675
0.580470
0.580266
0.580062
0.579858
0.579655
0.579452
0.579249
0.579048
0.578846
0.578645
0.578444
0.578244
0.578045
0.577846
0.577648
0.577450
0.577252
0.577056
0.576860
0.576664
0.576469
0.576275
0.576081
0.575888
0.575696
0.575504
0.575312
0.575121
0.574931
0.574741
0.574552
0.574363
0.574174
0.573986
0.573798
0.573611
0.573424
0.573237
0.573051
0.572866
0.572680
0.572495
0.572310
0.572126
0.571942
0.571759
0.571575
0.571393
0.571210
0.571029
0.570847
0.570666
0.570486
0.570306
0.570127
0.569948
0.569770
0.569592
0.569415
0.569238
0.569062
0.568887
0.568712
0.568537
0.568364
0.568190
0.568018
0.567845
0.567674
0.567502
0.567331
0.567161
0.566991
0.566821
0.566652
0.566483
0.566315
0.566147
0.565979
0.565812
0.565645
0.565478
0.565311
0.565145
0.564980
0.564814
0.564649
0.564485
0.564321
0.564157
0.563994
0.563831
0.563668
0.563507
0.563345
0.563184
0.563024
0.562864
0.562705
0.562546
0.562388
0.562231
0.562073
0.561917
0.561761
0.561605
0.561450
0.561296
0.561142
0.560988
0.560835
0.560682
0.560529
0.560377
0.560226
0.560074
0.559923
0.559773
0.559622
0.559472
0.559323
0.559173
0.559024
0.558875
0.558727
0.558579
0.558431
0.558284
0.558137
0.557990
0.557844
0.557699
0.557553
0.557409
0.557264
0.557121
0.556977
0.556835
0.556692
0.556551
0.556409
0.556269
0.556128
0.555989
0.555850
0.555711
0.555573
0.555435
0.555297
0.555161
0.555024
0.554888
0.554752
0.554617
0.554482
0.554347
0.554213
0.554079
0.553945
0.553811
0.553678
0.553545
0.553413
0.553281
0.553149
0.553017
0.552886
0.552755
0.552624
0.552494
0.552365
0.552235
0.552106
0.551978
0.551850
0.551722
0.551595
0.551469
0.551343
0.551217
0.551092
0.550968
0.550844
0.550720
0.550597
0.550474
0.550352
0.550230
0.550109
0.549988
0.549868
0.549747
0.549628
0.549508
0.549389
0.549270
0.549152
0.549034
0.548916
0.548798
0.548681
0.548564
0.548447
0.548330
0.548214
0.548098
0.547983
0.547868
0.547753
0.547638
0.547524
0.547411
0.547297
0.547185
0.547072
0.546960
0.546849
0.546738
0.546627
0.546517
0.546408
0.546299
0.546190
0.546082
0.545974
0.545867
0.545760
0.545654
0.545548
0.545442
0.545337
0.545232
0.545128
0.545024
0.544920
0.544816
0.544713
0.544610
0.544507
0.544405
0.544303
0.544201
0.544099
0.543998
0.543897
0.543796
0.543696
0.543596
0.543496
0.543397
0.543298
0.543199
0.543101
0.543003
0.542906
0.542809
0.542712
0.542616
0.542520
0.542425
0.542331
0.542236
0.542143
0.542050
0.541957
0.541864
0.541772
0.541681
0.541590
0.541499
0.541409
0.541318
0.541229
0.541139
0.541050
0.540961
0.540873
0.540785
0.540697
0.540609
0.540521
0.540434
0.540347
0.540261
0.540174
0.540088
0.540002
0.539917
0.539831
0.539747
0.539662
0.539578
0.539494
0.539411
0.539328
0.539246
0.539164
0.539082
0.539001
0.538920
0.538840
0.538760
0.538681
0.538602
0.538524
0.538446
0.538368
0.538291
0.538214
0.538137
0.538061
0.537986
0.537910
0.537835
0.537760
0.537686
0.537611
0.537537
0.537464
0.537390
0.537317
0.537244
0.537171
0.537098
0.537026
0.536954
0.536883
0.536811
0.536740
0.536669
0.536599
0.536529
0.536459
0.536390
0.536321
0.536253
0.536185
0.536117
0.536050
0.535984
0.535917
0.535852
0.535786
0.535721
0.535657
0.535593
0.535529
0.535466
0.535403
0.535341
0.535278
0.535217
0.535155
0.535094
0.535033
0.534972
0.534912
0.534852
0.534792
0.534732
0.534673
0.534613
0.534554
0.534496
0.534437
0.534379
0.534321
0.534264
0.534206
0.534149
0.534093
0.534036
0.533981
0.533925
0.533870
0.533815
0.533761
0.533707
0.533654
0.533601
0.533548
0.533496
0.533444
0.533393
0.533342
0.533292
0.533242
0.533192
0.533143
0.533094
0.533046
0.532997
0.532949
0.532902
0.532854
0.532807
0.532760
0.532714
0.532667
0.532621
0.532575
0.532530
0.532484
0.532439
0.532394
0.532349
0.532305
0.532261
0.532217
0.532174
0.532130
0.532088
0.532045
0.532003
0.531962
0.531920
0.531879
0.531839
0.531799
0.531759
0.531720
0.531682
0.531643
0.531606
0.531568
0.531531
0.531494
0.531458
0.531422
0.531387
0.531352
0.531317
0.531282
0.531248
0.531214
0.531180
0.531146
0.531113
0.531080
0.531047
0.531015
0.530982
0.530950
0.530918
0.530887
0.530855
0.530824
0.530793
0.530763
0.530733
0.530703
0.530673
0.530644
0.530615
0.530587
0.530559
0.530531
0.530504
0.530477
0.530451
0.530425
0.530399
0.530374
0.530350
0.530325
0.530302
0.530278
0.530255
0.530232
0.530210
0.530188
0.530166
0.530145
0.530124
0.530103
0.530082
0.530062
0.530042
0.530022
0.530002
0.529983
0.529963
0.529944
0.529926
0.529907
0.529889
0.529871
0.529853
0.529836
0.529819
0.529802
0.529786
0.529770
0.529754
0.529739
0.529724
0.529709
0.529695
0.529681
0.529668
0.529655
0.529643
0.529631
0.529619
0.529608
0.529598
0.529587
0.529577
0.529568
0.529558
0.529549
0.529541
0.529532
0.529524
0.529516
0.529509
0.529501
0.529494
0.529488
0.529481
0.529475
0.529468
0.529462
0.529457
0.529451
0.529446
0.529441
0.529436
0.529432
0.529428
0.529424
0.529421
0.529418
0.529415
0.529413
0.529411
0.529410
0.529409
0.529408
0.529408
