6.228485
6.228425
6.228248
6.227952
6.227538
6.227005
6.226354
6.225585
6.224698
6.223692
6.222568
6.221326
6.219966
6.218488
6.216892
6.215177
6.213345
6.211396
6.209328
6.207143
6.204841
6.202420
6.199883
6.197228
6.194456
6.191567
6.188561
6.185438
6.182199
6.178843
6.175370
6.171781
6.168076
6.164254
6.160317
6.156264
6.152096
6.147812
6.143412
6.138898
6.134269
6.129524
6.124666
6.119692
6.114605
6.109404
6.104088
6.098660
6.093117
6.087462
6.081693
6.075812
6.069818
6.063712
6.057494
6.051164
6.044723
6.038170
6.031506
6.024731
6.017845
6.010849
6.003743
5.996528
5.989203
5.981768
5.974225
5.966573
5.958813
5.950944
5.942968
5.934884
5.926694
5.918396
5.909992
5.901481
5.892865
5.884143
5.875316
5.866385
5.857348
5.848208
5.838963
5.829616
5.820165
5.810611
5.800955
5.791197
5.781337
5.771376
5.761314
5.751152
5.740889
5.730527
5.720066
5.709505
5.698846
5.688089
5.677235
5.666283
5.655234
5.644089
5.632847
5.621511
5.610079
5.598552
5.586931
5.575217
5.563409
5.551508
5.539515
5.527430
5.515253
5.502986
5.490627
5.478179
5.465641
5.453014
5.440299
5.427495
5.414604
5.401625
5.388560
5.375409
5.362172
5.348851
5.335444
5.321954
5.308379
5.294722
5.280983
5.267161
5.253258
5.239275
5.225211
5.211067
5.196844
5.182542
5.168162
5.153705
5.139170
5.124559
5.109873
5.095111
5.080274
5.065363
5.050379
5.035322
5.020192
5.004991
4.989719
4.974376
4.958963
4.943480
4.927929
4.912310
4.896623
4.880869
4.865050
4.849164
4.833213
4.817198
4.801120
4.784978
4.768774
4.752507
4.736180
4.719792
4.703345
4.686838
4.670272
4.653649
4.636968
4.620231
4.603438
4.586589
4.569686
4.552730
4.535720
4.518657
4.501543
4.484378
4.467162
4.449896
4.432582
4.415219
4.397808
4.380351
4.362847
4.345298
4.327705
4.310067
4.292386
4.274662
4.256896
4.239090
4.221243
4.203356
4.185430
4.167466
4.149465
4.131427
4.113354
4.095245
4.077101
4.058924
4.040715
4.022473
4.004200
3.985896
3.967563
3.949200
3.930810
3.912392
3.893947
3.875477
3.856981
3.838461
3.819918
3.801353
3.782765
3.764157
3.745528
3.726880
3.708214
3.689530
3.670829
3.652112
3.633380
3.614633
3.595873
3.577101
3.558316
3.539521
3.520716
3.501901
3.483078
3.464248
3.445411
3.426568
3.407721
3.388870
3.370015
3.351159
3.332301
3.313443
3.294586
3.275730
3.256876
3.238026
3.219181
3.200340
3.181506
3.162679
3.143859
3.125049
3.106249
3.087460
3.068683
3.049919
3.031168
3.012433
2.993713
2.975010
2.956326
2.937660
2.919014
2.900389
2.881786
2.863206
2.844650
2.826120
2.807615
2.789138
2.770690
2.752271
2.733882
2.715525
2.697201
2.678911
2.660656
2.642437
2.624255
2.606112
2.588008
2.569946
2.551925
2.533948
2.516015
2.498127
2.480287
2.462495
2.444752
2.427060
2.409419
2.391832
2.374300
2.356823
2.339403
2.322042
2.304740
2.287500
2.270323
2.253209
2.236161
2.219179
2.202266
2.185422
2.168650
2.151950
2.135324
2.118774
2.102301
2.085907
2.069593
2.053361
2.037212
2.021148
2.005171
1.989282
1.973483
1.957776
1.942163
1.926644
1.911222
1.895899
1.880676
1.865555
1.850538
1.835627
1.820823
1.806129
1.791546
1.777076
1.762722
1.748484
1.734366
1.720368
1.706494
1.692744
1.679122
1.665628
1.652265
1.639036
1.625941
1.612984
1.600166
1.587489
1.574956
1.562568
1.550327
1.538237
1.526298
1.514513
1.502885
1.491414
1.480104
1.468955
1.457972
1.447154
1.436505
1.426027
1.415721
1.405590
1.395635
1.385858
1.376261
1.366847
1.357616
1.348572
1.339714
1.331045
1.322567
1.314282
1.306190
1.298293
1.290592
1.283089
1.275786
1.268682
1.261779
1.255079
1.248581
1.242287
1.236197
1.230312
1.224633
1.219159
1.213892
1.208830
1.203974
1.199325
1.194881
1.190642
1.186609
1.182780
1.179154
1.175732
1.172511
1.169491
1.166670
1.164048
1.161623
1.159392
1.157356
1.155511
1.153856
1.152388
1.151107
1.150009
1.149092
1.148353
1.147791
1.147403
1.147185
1.147135
1.147251
1.147529
1.147967
1.148561
1.149308
1.150205
1.151249
1.152436
1.153764
1.155229
1.156828
1.158557
1.160413
1.162393
1.164492
1.166709
1.169038
1.171478
1.174024
1.176672
1.179421
1.182266
1.185204
1.188231
1.191344
1.194540
1.197816
1.201168
1.204594
1.208089
1.211651
1.215277
1.218964
1.222708
1.226507
1.230358
1.234257
1.238202
1.242191
1.246220
1.250286
1.254387
1.258521
1.262684
1.266875
1.271090
1.275328
1.279585
1.283860
1.288150
1.292453
1.296767
1.301089
1.305418
1.309751
1.314087
1.318422
1.322756
1.327087
1.331412
1.335730
1.340040
1.344338
1.348624
1.352896
1.357152
1.361391
1.365611
1.369811
1.373989
1.378144
1.382274
1.386378
1.390455
1.394503
1.398522
1.402509
1.406464
1.410386
1.414273
1.418124
1.421938
1.425715
1.429452
1.433150
1.436807
1.440422
1.443995
1.447523
1.451008
1.454447
1.457840
1.461186
1.464484
1.467734
1.470934
1.474085
1.477185
1.480234
1.483231
1.486176
1.489067
1.491905
1.494688
1.497417
1.500090
1.502708
1.505269
1.507773
1.510220
1.512610
1.514941
1.517214
1.519427
1.521581
1.523676
1.525710
1.527684
1.529598
1.531450
1.533241
1.534970
1.536638
1.538243
1.539786
1.541266
1.542684
1.544038
1.545329
1.546557
1.547721
1.548821
1.549857
1.550830
1.551738
1.552582
1.553361
1.554076
1.554726
1.555312
1.555833
1.556289
1.556680
1.557006
1.557268
1.557464
1.557596
1.557662
1.557664
1.557601
1.557473
1.557280
1.557022
1.556699
1.556312
1.555860
1.555343
1.554762
1.554116
1.553406
1.552632
1.551794
1.550891
1.549925
1.548895
1.547802
1.546645
1.545424
1.544141
1.542794
1.541385
1.539913
1.538379
1.536782
1.535123
1.533403
1.531621
1.529777
1.527872
1.525906
1.523880
1.521793
1.519645
1.517438
1.515171
1.512844
1.510459
1.508014
1.505511
1.502949
1.500329
1.497652
1.494917
1.492125
1.489276
1.486371
1.483409
1.480392
1.477319
1.474191
1.471008
1.467770
1.464479
1.461134
1.457735
1.454283
1.450779
1.447223
1.443614
1.439955
1.436244
1.432482
1.428671
1.424809
1.420899
1.416939
1.412930
1.408874
1.404770
1.400619
1.396421
1.392176
1.387886
1.383551
1.379170
1.374745
1.370276
1.365764
1.361209
1.356611
1.351972
1.347291
1.342569
1.337806
1.333004
1.328163
1.323282
1.318363
1.313407
1.308413
1.303383
1.298317
1.293215
1.288078
1.282907
1.277703
1.272465
1.267194
1.261892
1.256558
1.251193
1.245799
1.240374
1.234921
1.229440
1.223931
1.218396
1.212834
1.207246
1.201634
1.195997
1.190337
1.184653
1.178948
1.173221
1.167474
1.161706
1.155920
1.150114
1.144291
1.138451
1.132594
1.126722
1.120835
1.114934
1.109020
1.103094
1.097156
1.091207
1.085248
1.079280
1.073304
1.067321
1.061331
1.055335
1.049334
1.043330
1.037322
1.031313
1.025302
1.019291
1.013281
1.007272
1.001266
0.995264
0.989266
0.983274
0.977288
0.971310
0.965341
0.959381
0.953432
0.947495
0.941570
0.935660
0.929765
0.923886
0.918024
0.912181
0.906357
0.900554
0.894773
0.889015
0.883282
0.877574
0.871893
0.866240
0.860616
0.855023
0.849462
0.843934
0.838441
0.832983
0.827562
0.822180
0.816838
0.811537
0.806278
0.801064
0.795894
0.790772
0.785698
0.780673
0.775699
0.770778
0.765911
0.761099
0.756344
0.751647
0.747009
0.742433
0.737920
0.733471
0.729087
0.724770
0.720522
0.716344
0.712236
0.708202
0.704242
0.700357
0.696549
0.692820
0.689170
0.685601
0.682114
0.678711
0.675393
0.672160
0.669015
0.665958
0.662991
0.660114
0.657329
0.654636
0.652037
0.649532
0.647123
0.644809
0.642593
0.640474
0.638453
0.636531
0.634708
0.632985
0.631362
0.629839
0.628417
0.627096
0.625877
0.624758
0.623740
0.622823
0.622008
0.621292
0.620678
0.620163
0.619747
0.619431
0.619214
0.619094
0.619071
0.619145
0.619315
0.619579
0.619937
0.620388
0.620930
0.621563
0.622286
0.623097
0.623994
0.624978
0.626046
0.627196
0.628429
0.629741
0.631132
0.632600
0.634143
0.635761
0.637451
0.639211
0.641041
0.642938
0.644900
0.646927
0.649016
0.651166
0.653375
0.655642
0.657963
0.660339
0.662767
0.665246
0.667773
0.670347
0.672967
0.675631
0.678337
0.681083
0.683868
0.686691
0.689549
0.692441
0.695365
0.698321
0.701305
0.704318
0.707357
0.710421
0.713508
0.716617
0.719747
0.722896
0.726062
0.729245
0.732443
0.735655
0.738879
0.742114
0.745360
0.748613
0.751875
0.755142
0.758414
0.761691
0.764970
0.768251
0.771532
0.774813
0.778092
0.781369
0.784642
0.787910
0.791173
0.794429
0.797678
0.800918
0.804149
0.807370
0.810579
0.813777
0.816962
0.820134
0.823291
0.826432
0.829558
0.832668
0.835759
0.838833
0.841888
0.844923
0.847938
0.850932
0.853905
0.856855
0.859783
0.862687
0.865568
0.868423
0.871254
0.874059
0.876837
0.879589
0.882313
0.885010
0.887678
0.890318
0.892928
0.895508
0.898059
0.900578
0.903067
0.905524
0.907949
0.910342
0.912702
0.915029
0.917323
0.919582
0.921808
0.923999
0.926155
0.928276
0.930361
0.932411
0.934424
0.936401
0.938342
0.940245
0.942111
0.943939
0.945730
0.947483
0.949197
0.950873
0.952510
0.954108
0.955667
0.957187
0.958667
0.960107
0.961507
0.962868
0.964188
0.965467
0.966706
0.967904
0.969061
0.970178
0.971253
0.972286
0.973278
0.974229
0.975138
0.976006
0.976831
0.977615
0.978356
0.979056
0.979713
0.980328
0.980900
0.981431
0.981919
0.982364
0.982767
0.983128
0.983445
0.983721
0.983953
0.984143
0.984291
0.984396
0.984458
0.984477
0.984454
0.984388
0.984280
0.984129
0.983935
0.983699
0.983421
0.983100
0.982737
0.982331
0.981883
0.981393
0.980861
0.980287
0.979671
0.979013
0.978313
0.977571
0.976788
0.975963
0.975097
0.974189
0.973240
0.972250
0.971220
0.970148
0.969035
0.967882
0.966689
0.965455
0.964181
0.962867
0.961514
0.960120
0.958687
0.957215
0.955703
0.954152
0.952563
0.950935
0.949269
0.947564
0.945821
0.944040
0.942222
0.940366
0.938473
0.936543
0.934577
0.932573
0.930534
0.928458
0.926346
0.924199
0.922017
0.919799
0.917547
0.915260
0.912939
0.910583
0.908194
0.905772
0.903316
0.900828
0.898307
0.895753
0.893168
0.890550
0.887902
0.885222
0.882512
0.879771
0.877001
0.874200
0.871370
0.868511
0.865624
0.862708
0.859764
0.856792
0.853793
0.850767
0.847715
0.844637
0.841533
0.838403
0.835249
0.832070
0.828867
0.825641
0.822391
0.819118
0.815823
0.812506
0.809168
0.805808
0.802428
0.799028
0.795608
0.792169
0.788711
0.785235
0.781742
0.778231
0.774703
0.771159
0.767600
0.764025
0.760436
0.756833
0.753216
0.749587
0.745945
0.742291
0.738626
0.734950
0.731264
0.727569
0.723865
0.720153
0.716433
0.712706
0.708973
0.705235
0.701491
0.697743
0.693991
0.690237
0.686480
0.682722
0.678963
0.675204
0.671445
0.667688
0.663933
0.660181
0.656433
0.652689
0.648951
0.645218
0.641493
0.637775
0.634066
0.630366
0.626677
0.622999
0.619333
0.615679
0.612040
0.608415
0.604806
0.601214
0.597640
0.594083
0.590547
0.587031
0.583536
0.580064
0.576615
0.573191
0.569793
0.566421
0.563076
0.559761
0.556475
0.553219
0.549996
0.546806
0.543650
0.540529
0.537444
0.534397
0.531388
0.528419
0.525491
0.522604
0.519761
0.516961
0.514207
0.511499
0.508839
0.506227
0.503664
0.501153
0.498693
0.496286
0.493933
0.491635
0.489393
0.487208
0.485081
0.483013
0.481005
0.479057
0.477172
0.475349
0.473590
0.471895
0.470266
0.468702
0.467205
0.465775
0.464413
0.463120
0.461896
0.460742
0.459658
0.458644
0.457702
0.456831
0.456032
0.455304
0.454649
0.454066
0.453556
0.453118
0.452752
0.452459
0.452239
0.452090
0.452014
0.452009
0.452076
0.452214
0.452422
0.452701
0.453049
0.453467
0.453953
0.454508
0.455129
0.455817
0.456572
0.457391
0.458274
0.459221
0.460230
0.461301
0.462432
0.463623
0.464872
0.466179
0.467543
0.468962
0.470435
0.471961
0.473539
0.475169
0.476848
0.478575
0.480350
0.482171
0.484037
0.485947
0.487900
0.489893
0.491927
0.494000
0.496111
0.498259
0.500441
0.502658
0.504908
0.507189
0.509502
0.511843
0.514213
0.516610
0.519034
0.521481
0.523953
0.526447
0.528963
0.531500
0.534055
0.536629
0.539221
0.541828
0.544451
0.547088
0.549738
0.552401
0.555074
0.557758
0.560452
0.563153
0.565863
0.568579
0.571301
0.574027
0.576758
0.579492
0.582229
0.584967
0.587705
0.590444
0.593182
0.595918
0.598652
0.601383
0.604111
0.606833
0.609551
0.612263
0.614968
0.617666
0.620357
0.623039
0.625712
0.628375
0.631028
0.633669
0.636300
0.638918
0.641524
0.644117
0.646696
0.649261
0.651811
0.654346
0.656865
0.659368
0.661854
0.664323
0.666775
0.669208
0.671623
0.674019
0.676395
0.678752
0.681088
0.683404
0.685699
0.687972
0.690223
0.692453
0.694660
0.696843
0.699004
0.701141
0.703254
0.705343
0.707407
0.709447
0.711461
0.713450
0.715413
0.717350
0.719260
0.721144
0.723001
0.724831
0.726633
0.728408
0.730155
0.731873
0.733563
0.735225
0.736857
0.738461
0.740035
0.741580
0.743095
0.744580
0.746035
0.747460
0.748854
0.750218
0.751551
0.752853
0.754124
0.755363
0.756571
0.757748
0.758892
0.760005
0.761086
0.762135
0.763151
0.764135
0.765087
0.766006
0.766892
0.767746
0.768566
0.769354
0.770108
0.770830
0.771518
0.772173
0.772794
0.773382
0.773936
0.774457
0.774944
0.775398
0.775817
0.776203
0.776555
0.776874
0.777158
0.777408
0.777625
0.777808
0.777956
0.778071
0.778151
0.778198
0.778211
0.778189
0.778134
0.778045
0.777922
0.777764
0.777573
0.777348
0.777090
0.776797
0.776471
0.776111
0.775717
0.775289
0.774828
0.774334
0.773806
0.773244
0.772649
0.772021
0.771360
0.770666
0.769938
0.769178
0.768385
0.767559
0.766700
0.765809
0.764885
0.763929
0.762941
0.761921
0.760868
0.759784
0.758668
0.757520
0.756341
0.755131
0.753889
0.752616
0.751313
0.749978
0.748613
0.747218
0.745792
0.744336
0.742850
0.741335
0.739790
0.738215
0.736611
0.734979
0.733317
0.731627
0.729908
0.728161
0.726386
0.724584
0.722753
0.720896
0.719011
0.717100
0.715161
0.713197
0.711206
0.709189
0.707147
0.705079
0.702986
0.700868
0.698726
0.696559
0.694368
0.692153
0.689915
0.687654
0.685370
0.683063
0.680734
0.678383
0.676011
0.673617
0.671202
0.668766
0.666310
0.663834
0.661339
0.658824
0.656290
0.653738
0.651167
0.648579
0.645973
0.643351
0.640711
0.638055
0.635384
0.632697
0.629995
0.627279
0.624548
0.621803
0.619046
0.616275
0.613492
0.610697
0.607891
0.605074
0.602246
0.599408
0.596561
0.593705
0.590840
0.587968
0.585088
0.582201
0.579308
0.576409
0.573504
0.570596
0.567683
0.564766
0.561847
0.558925
0.556002
0.553077
0.550153
0.547228
0.544304
0.541382
0.538462
0.535545
0.532631
0.529722
0.526818
0.523919
0.521027
0.518142
0.515264
0.512396
0.509536
0.506687
0.503849
0.501023
0.498209
0.495409
0.492623
0.489852
0.487097
0.484358
0.481637
0.478935
0.476252
0.473590
0.470948
0.468329
0.465732
0.463160
0.460612
0.458090
0.455595
0.453128
0.450689
0.448280
0.445901
0.443554
0.441239
0.438958
0.436711
0.434500
0.432325
0.430188
0.428089
0.426029
0.424009
0.422031
0.420095
0.418202
0.416353
0.414549
0.412792
0.411080
0.409417
0.407802
0.406237
0.404722
0.403258
0.401846
0.400486
0.399180
0.397929
0.396732
0.395590
0.394505
0.393476
0.392505
0.391592
0.390737
0.389941
0.389204
0.388527
0.387910
0.387354
0.386858
0.386423
0.386049
0.385736
0.385485
0.385295
0.385166
0.385099
0.385093
0.385148
0.385264
0.385442
0.385679
0.385978
0.386336
0.386753
0.387230
0.387766
0.388360
0.389012
0.389721
0.390487
0.391309
0.392186
0.393117
0.394103
0.395142
0.396233
0.397376
0.398569
0.399813
0.401105
0.402446
0.403834
0.405269
0.406749
0.408273
0.409841
0.411452
0.413104
0.414796
0.416529
0.418300
0.420108
0.421954
0.423834
0.425750
0.427699
0.429680
0.431693
0.433737
0.435810
0.437912
0.440042
0.442198
0.444379
0.446585
0.448815
0.451068
0.453342
0.455637
0.457952
0.460286
0.462638
0.465008
0.467393
0.469794
0.472209
0.474638
0.477080
0.479534
0.481998
0.484474
0.486958
0.489451
0.491952
0.494461
0.496975
0.499496
0.502021
0.504550
0.507083
0.509618
0.512155
0.514694
0.517234
0.519773
0.522312
0.524849
0.527385
0.529918
0.532448
0.534974
0.537495
0.540012
0.542523
0.545029
0.547527
0.550019
0.552502
0.554978
0.557444
0.559902
0.562350
0.564787
0.567214
0.569629
0.572033
0.574425
0.576804
0.579170
0.581523
0.583861
0.586186
0.588495
0.590790
0.593069
0.595332
0.597579
0.599809
0.602022
0.604218
0.606396
0.608556
0.610697
0.612819
0.614923
0.617007
0.619071
0.621115
0.623138
0.625141
0.627123
0.629084
0.631022
0.632940
0.634834
0.636707
0.638557
0.640384
0.642187
0.643968
0.645724
0.647457
0.649165
0.650849
0.652509
0.654143
0.655753
0.657337
0.658896
0.660429
0.661936
0.663417
0.664872
0.666300
0.667702
0.669077
0.670425
0.671746
0.673040
0.674306
0.675544
0.676755
0.677938
0.679093
0.680219
0.681318
0.682387
0.683429
0.684441
0.685425
0.686380
0.687305
0.688202
0.689069
0.689907
0.690716
0.691494
0.692244
0.692963
0.693653
0.694313
0.694943
0.695542
0.696112
0.696652
0.697161
0.697640
0.698089
0.698507
0.698895
0.699253
0.699580
0.699876
0.700142
0.700377
0.700582
0.700756
0.700899
0.701012
0.701094
0.701145
0.701166
0.701155
0.701115
0.701043
0.700941
0.700808
0.700644
0.700450
0.700225
0.699970
0.699684
0.699367
0.699021
0.698643
0.698235
0.697797
0.697329
0.696830
0.696301
0.695742
0.695153
0.694534
0.693885
0.693206
0.692497
0.691759
0.690991
0.690194
0.689367
0.688510
0.687625
0.686710
0.685767
0.684794
0.683793
0.682763
0.681704
0.680617
0.679502
0.678358
0.677187
0.675987
0.674760
0.673505
0.672223
0.670913
0.669577
0.668213
0.666822
0.665405
0.663961
0.662491
0.660995
0.659473
0.657925
0.656351
0.654752
0.653128
0.651479
0.649806
0.648107
0.646385
0.644638
0.642868
0.641073
0.639256
0.637415
0.635551
0.633665
0.631756
0.629825
0.627872
0.625898
0.623902
0.621885
0.619847
0.617789
0.615710
0.613612
0.611494
0.609356
0.607200
0.605025
0.602831
0.600620
0.598391
0.596144
0.593880
0.591600
0.589303
0.586991
0.584663
0.582319
0.579961
0.577589
0.575202
0.572802
0.570388
0.567962
0.565523
0.563072
0.560610
0.558137
0.555653
0.553158
0.550654
0.548141
0.545619
0.543089
0.540551
0.538005
0.535453
0.532894
0.530330
0.527761
0.525186
0.522608
0.520026
0.517441
0.514854
0.512265
0.509675
0.507084
0.504493
0.501903
0.499313
0.496726
0.494142
0.491560
0.488982
0.486409
0.483842
0.481280
0.478725
0.476177
0.473637
0.471106
0.468585
0.466075
0.463575
0.461087
0.458612
0.456151
0.453704
0.451272
0.448856
0.446457
0.444076
0.441713
0.439370
0.437047
0.434745
0.432465
0.430208
0.427975
0.425767
0.423585
0.421429
0.419301
0.417201
0.415131
0.413091
0.411082
0.409106
0.407163
0.405254
0.403380
0.401542
0.399741
0.397978
0.396254
0.394570
0.392926
0.391324
0.389765
0.388248
0.386776
0.385350
0.383969
0.382635
0.381348
0.380110
0.378921
0.377782
0.376693
0.375656
0.374671
0.373739
0.372859
0.372034
0.371263
0.370547
0.369886
0.369282
0.368733
0.368242
0.367807
0.367430
0.367110
0.366848
0.366644
0.366498
0.366411
0.366381
0.366411
0.366498
0.366644
0.366848
0.367110
0.367430
0.367807
0.368242
0.368733
0.369282
0.369886
0.370547
0.371263
0.372034
0.372859
0.373739
0.374671
0.375656
0.376693
0.377782
0.378921
0.380110
0.381348
0.382635
0.383969
0.385350
0.386776
0.388248
0.389765
0.391324
0.392926
0.394570
0.396254
0.397978
0.399741
0.401542
0.403380
0.405254
0.407163
0.409106
0.411082
0.413091
0.415131
0.417201
0.419301
0.421429
0.423585
0.425767
0.427975
0.430208
0.432465
0.434745
0.437047
0.439370
0.441713
0.444076
0.446457
0.448856
0.451272
0.453704
0.456151
0.458612
0.461087
0.463575
0.466075
0.468585
0.471106
0.473637
0.476177
0.478725
0.481280
0.483842
0.486409
0.488982
0.491560
0.494142
0.496726
0.499313
0.501903
0.504493
0.507084
0.509675
0.512265
0.514854
0.517441
0.520026
0.522608
0.525186
0.527761
0.530330
0.532894
0.535453
0.538005
0.540551
0.543089
0.545619
0.548141
0.550654
0.553158
0.555653
0.558137
0.560610
0.563072
0.565523
0.567962
0.570388
0.572802
0.575202
0.577589
0.579961
0.582319
0.584663
0.586991
0.589303
0.591600
0.593880
0.596144
0.598391
0.600620
0.602831
0.605025
0.607200
0.609356
0.611494
0.613612
0.615710
0.617789
0.619847
0.621885
0.623902
0.625898
0.627872
0.629825
0.631756
0.633665
0.635551
0.637415
0.639256
0.641073
0.642868
0.644638
0.646385
0.648107
0.649806
0.651479
0.653128
0.654752
0.656351
0.657925
0.659473
0.660995
0.662491
0.663961
0.665405
0.666822
0.668213
0.669577
0.670913
0.672223
0.673505
0.674760
0.675987
0.677187
0.678358
0.679502
0.680617
0.681704
0.682763
0.683793
0.684794
0.685767
0.686710
0.687625
0.688510
0.689367
0.690194
0.690991
0.691759
0.692497
0.693206
0.693885
0.694534
0.695153
0.695742
0.696301
0.696830
0.697329
0.697797
0.698235
0.698643
0.699021
0.699367
0.699684
0.699970
0.700225
0.700450
0.700644
0.700808
0.700941
0.701043
0.701115
0.701155
0.701166
0.701145
0.701094
0.701012
0.700899
0.700756
0.700582
0.700377
0.700142
0.699876
0.699580
0.699253
0.698895
0.698507
0.698089
0.697640
0.697161
0.696652
0.696112
0.695542
0.694943
0.694313
0.693653
0.692963
0.692244
0.691494
0.690716
0.689907
0.689069
0.688202
0.687305
0.686380
0.685425
0.684441
0.683429
0.682387
0.681318
0.680219
0.679093
0.677938
0.676755
0.675544
0.674306
0.673040
0.671746
0.670425
0.669077
0.667702
0.666300
0.664872
0.663417
0.661936
0.660429
0.658896
0.657337
0.655753
0.654143
0.652509
0.650849
0.649165
0.647457
0.645724
0.643968
0.642187
0.640384
0.638557
0.636707
0.634834
0.632940
0.631022
0.629084
0.627123
0.625141
0.623138
0.621115
0.619071
0.617007
0.614923
0.612819
0.610697
0.608556
0.606396
0.604218
0.602022
0.599809
0.597579
0.595332
0.593069
0.590790
0.588495
0.586186
0.583861
0.581523
0.579170
0.576804
0.574425
0.572033
0.569629
0.567214
0.564787
0.562350
0.559902
0.557444
0.554978
0.552502
0.550019
0.547527
0.545029
0.542523
0.540012
0.537495
0.534974
0.532448
0.529918
0.527385
0.524849
0.522312
0.519773
0.517234
0.514694
0.512155
0.509618
0.507083
0.504550
0.502021
0.499496
0.496975
0.494461
0.491952
0.489451
0.486958
0.484474
0.481998
0.479534
0.477080
0.474638
0.472209
0.469794
0.467393
0.465008
0.462638
0.460286
0.457952
0.455637
0.453342
0.451068
0.448815
0.446585
0.444379
0.442198
0.440042
0.437912
0.435810
0.433737
0.431693
0.429680
0.427699
0.425750
0.423834
0.421954
0.420108
0.418300
0.416529
0.414796
0.413104
0.411452
0.409841
0.408273
0.406749
0.405269
0.403834
0.402446
0.401105
0.399813
0.398569
0.397376
0.396233
0.395142
0.394103
0.393117
0.392186
0.391309
0.390487
0.389721
0.389012
0.388360
0.387766
0.387230
0.386753
0.386336
0.385978
0.385679
0.385442
0.385264
0.385148
0.385093
0.385099
0.385166
0.385295
0.385485
0.385736
0.386049
0.386423
0.386858
0.387354
0.387910
0.388527
0.389204
0.389941
0.390737
0.391592
0.392505
0.393476
0.394505
0.395590
0.396732
0.397929
0.399180
0.400486
0.401846
0.403258
0.404722
0.406237
0.407802
0.409417
0.411080
0.412792
0.414549
0.416353
0.418202
0.420095
0.422031
0.424009
0.426029
0.428089
0.430188
0.432325
0.434500
0.436711
0.438958
0.441239
0.443554
0.445901
0.448280
0.450689
0.453128
0.455595
0.458090
0.460612
0.463160
0.465732
0.468329
0.470948
0.473590
0.476252
0.478935
0.481637
0.484358
0.487097
0.489852
0.492623
0.495409
0.498209
0.501023
0.503849
0.506687
0.509536
0.512396
0.515264
0.518142
0.521027
0.523919
0.526818
0.529722
0.532631
0.535545
0.538462
0.541382
0.544304
0.547228
0.550153
0.553077
0.556002
0.558925
0.561847
0.564766
0.567683
0.570596
0.573504
0.576409
0.579308
0.582201
0.585088
0.587968
0.590840
0.593705
0.596561
0.599408
0.602246
0.605074
0.607891
0.610697
0.613492
0.616275
0.619046
0.621803
0.624548
0.627279
0.629995
0.632697
0.635384
0.638055
0.640711
0.643351
0.645973
0.648579
0.651167
0.653738
0.656290
0.658824
0.661339
0.663834
0.666310
0.668766
0.671202
0.673617
0.676011
0.678383
0.680734
0.683063
0.685370
0.687654
0.689915
0.692153
0.694368
0.696559
0.698726
0.700868
0.702986
0.705079
0.707147
0.709189
0.711206
0.713197
0.715161
0.717100
0.719011
0.720896
0.722753
0.724584
0.726386
0.728161
0.729908
0.731627
0.733317
0.734979
0.736611
0.738215
0.739790
0.741335
0.742850
0.744336
0.745792
0.747218
0.748613
0.749978
0.751313
0.752616
0.753889
0.755131
0.756341
0.757520
0.758668
0.759784
0.760868
0.761921
0.762941
0.763929
0.764885
0.765809
0.766700
0.767559
0.768385
0.769178
0.769938
0.770666
0.771360
0.772021
0.772649
0.773244
0.773806
0.774334
0.774828
0.775289
0.775717
0.776111
0.776471
0.776797
0.777090
0.777348
0.777573
0.777764
0.777922
0.778045
0.778134
0.778189
0.778211
0.778198
0.778151
0.778071
0.777956
0.777808
0.777625
0.777408
0.777158
0.776874
0.776555
0.776203
0.775817
0.775398
0.774944
0.774457
0.773936
0.773382
0.772794
0.772173
0.771518
0.770830
0.770108
0.769354
0.768566
0.767746
0.766892
0.766006
0.765087
0.764135
0.763151
0.762135
0.761086
0.760005
0.758892
0.757748
0.756571
0.755363
0.754124
0.752853
0.751551
0.750218
0.748854
0.747460
0.746035
0.744580
0.743095
0.741580
0.740035
0.738461
0.736857
0.735225
0.733563
0.731873
0.730155
0.728408
0.726633
0.724831
0.723001
0.721144
0.719260
0.717350
0.715413
0.713450
0.711461
0.709447
0.707407
0.705343
0.703254
0.701141
0.699004
0.696843
0.694660
0.692453
0.690223
0.687972
0.685699
0.683404
0.681088
0.678752
0.676395
0.674019
0.671623
0.669208
0.666775
0.664323
0.661854
0.659368
0.656865
0.654346
0.651811
0.649261
0.646696
0.644117
0.641524
0.638918
0.636300
0.633669
0.631028
0.628375
0.625712
0.623039
0.620357
0.617666
0.614968
0.612263
0.609551
0.606833
0.604111
0.601383
0.598652
0.595918
0.593182
0.590444
0.587705
0.584967
0.582229
0.579492
0.576758
0.574027
0.571301
0.568579
0.565863
0.563153
0.560452
0.557758
0.555074
0.552401
0.549738
0.547088
0.544451
0.541828
0.539221
0.536629
0.534055
0.531500
0.528963
0.526447
0.523953
0.521481
0.519034
0.516610
0.514213
0.511843
0.509502
0.507189
0.504908
0.502658
0.500441
0.498259
0.496111
0.494000
0.491927
0.489893
0.487900
0.485947
0.484037
0.482171
0.480350
0.478575
0.476848
0.475169
0.473539
0.471961
0.470435
0.468962
0.467543
0.466179
0.464872
0.463623
0.462432
0.461301
0.460230
0.459221
0.458274
0.457391
0.456572
0.455817
0.455129
0.454508
0.453953
0.453467
0.453049
0.452701
0.452422
0.452214
0.452076
0.452009
0.452014
0.452090
0.452239
0.452459
0.452752
0.453118
0.453556
0.454066
0.454649
0.455304
0.456032
0.456831
0.457702
0.458644
0.459658
0.460742
0.461896
0.463120
0.464413
0.465775
0.467205
0.468702
0.470266
0.471895
0.473590
0.475349
0.477172
0.479057
0.481005
0.483013
0.485081
0.487208
0.489393
0.491635
0.493933
0.496286
0.498693
0.501153
0.503664
0.506227
0.508839
0.511499
0.514207
0.516961
0.519761
0.522604
0.525491
0.528419
0.531388
0.534397
0.537444
0.540529
0.543650
0.546806
0.549996
0.553219
0.556475
0.559761
0.563076
0.566421
0.569793
0.573191
0.576615
0.580064
0.583536
0.587031
0.590547
0.594083
0.597640
0.601214
0.604806
0.608415
0.612040
0.615679
0.619333
0.622999
0.626677
0.630366
0.634066
0.637775
0.641493
0.645218
0.648951
0.652689
0.656433
0.660181
0.663933
0.667688
0.671445
0.675204
0.678963
0.682722
0.686480
0.690237
0.693991
0.697743
0.701491
0.705235
0.708973
0.712706
0.716433
0.720153
0.723865
0.727569
0.731264
0.734950
0.738626
0.742291
0.745945
0.749587
0.753216
0.756833
0.760436
0.764025
0.767600
0.771159
0.774703
0.778231
0.781742
0.785235
0.788711
0.792169
0.795608
0.799028
0.802428
0.805808
0.809168
0.812506
0.815823
0.819118
0.822391
0.825641
0.828867
0.832070
0.835249
0.838403
0.841533
0.844637
0.847715
0.850767
0.853793
0.856792
0.859764
0.862708
0.865624
0.868511
0.871370
0.874200
0.877001
0.879771
0.882512
0.885222
0.887902
0.890550
0.893168
0.895753
0.898307
0.900828
0.903316
0.905772
0.908194
0.910583
0.912939
0.915260
0.917547
0.919799
0.922017
0.924199
0.926346
0.928458
0.930534
0.932573
0.934577
0.936543
0.938473
0.940366
0.942222
0.944040
0.945821
0.947564
0.949269
0.950935
0.952563
0.954152
0.955703
0.957215
0.958687
0.960120
0.961514
0.962867
0.964181
0.965455
0.966689
0.967882
0.969035
0.970148
0.971220
0.972250
0.973240
0.974189
0.975097
0.975963
0.976788
0.977571
0.978313
0.979013
0.979671
0.980287
0.980861
0.981393
0.981883
0.982331
0.982737
0.983100
0.983421
0.983699
0.983935
0.984129
0.984280
0.984388
0.984454
0.984477
0.984458
0.984396
0.984291
0.984143
0.983953
0.983721
0.983445
0.983128
0.982767
0.982364
0.981919
0.981431
0.980900
0.980328
0.979713
0.979056
0.978356
0.977615
0.976831
0.976006
0.975138
0.974229
0.973278
0.972286
0.971253
0.970178
0.969061
0.967904
0.966706
0.965467
0.964188
0.962868
0.961507
0.960107
0.958667
0.957187
0.955667
0.954108
0.952510
0.950873
0.949197
0.947483
0.945730
0.943939
0.942111
0.940245
0.938342
0.936401
0.934424
0.932411
0.930361
0.928276
0.926155
0.923999
0.921808
0.919582
0.917323
0.915029
0.912702
0.910342
0.907949
0.905524
0.903067
0.900578
0.898059
0.895508
0.892928
0.890318
0.887678
0.885010
0.882313
0.879589
0.876837
0.874059
0.871254
0.868423
0.865568
0.862687
0.859783
0.856855
0.853905
0.850932
0.847938
0.844923
0.841888
0.838833
0.835759
0.832668
0.829558
0.826432
0.823291
0.820134
0.816962
0.813777
0.810579
0.807370
0.804149
0.800918
0.797678
0.794429
0.791173
0.787910
0.784642
0.781369
0.778092
0.774813
0.771532
0.768251
0.764970
0.761691
0.758414
0.755142
0.751875
0.748613
0.745360
0.742114
0.738879
0.735655
0.732443
0.729245
0.726062
0.722896
0.719747
0.716617
0.713508
0.710421
0.707357
0.704318
0.701305
0.698321
0.695365
0.692441
0.689549
0.686691
0.683868
0.681083
0.678337
0.675631
0.672967
0.670347
0.667773
0.665246
0.662767
0.660339
0.657963
0.655642
0.653375
0.651166
0.649016
0.646927
0.644900
0.642938
0.641041
0.639211
0.637451
0.635761
0.634143
0.632600
0.631132
0.629741
0.628429
0.627196
0.626046
0.624978
0.623994
0.623097
0.622286
0.621563
0.620930
0.620388
0.619937
0.619579
0.619315
0.619145
0.619071
0.619094
0.619214
0.619431
0.619747
0.620163
0.620678
0.621292
0.622008
0.622823
0.623740
0.624758
0.625877
0.627096
0.628417
0.629839
0.631362
0.632985
0.634708
0.636531
0.638453
0.640474
0.642593
0.644809
0.647123
0.649532
0.652037
0.654636
0.657329
0.660114
0.662991
0.665958
0.669015
0.672160
0.675393
0.678711
0.682114
0.685601
0.689170
0.692820
0.696549
0.700357
0.704242
0.708202
0.712236
0.716344
0.720522
0.724770
0.729087
0.733471
0.737920
0.742433
0.747009
0.751647
0.756344
0.761099
0.765911
0.770778
0.775699
0.780673
0.785698
0.790772
0.795894
0.801064
0.806278
0.811537
0.816838
0.822180
0.827562
0.832983
0.838441
0.843934
0.849462
0.855023
0.860616
0.866240
0.871893
0.877574
0.883282
0.889015
0.894773
0.900554
0.906357
0.912181
0.918024
0.923886
0.929765
0.935660
0.941570
0.947495
0.953432
0.959381
0.965341
0.971310
0.977288
0.983274
0.989266
0.995264
1.001266
1.007272
1.013281
1.019291
1.025302
1.031313
1.037322
1.043330
1.049334
1.055335
1.061331
1.067321
1.073304
1.079280
1.085248
1.091207
1.097156
1.103094
1.109020
1.114934
1.120835
1.126722
1.132594
1.138451
1.144291
1.150114
1.155920
1.161706
1.167474
1.173221
1.178948
1.184653
1.190337
1.195997
1.201634
1.207246
1.212834
1.218396
1.223931
1.229440
1.234921
1.240374
1.245799
1.251193
1.256558
1.261892
1.267194
1.272465
1.277703
1.282907
1.288078
1.293215
1.298317
1.303383
1.308413
1.313407
1.318363
1.323282
1.328163
1.333004
1.337806
1.342569
1.347291
1.351972
1.356611
1.361209
1.365764
1.370276
1.374745
1.379170
1.383551
1.387886
1.392176
1.396421
1.400619
1.404770
1.408874
1.412930
1.416939
1.420899
1.424809
1.428671
1.432482
1.436244
1.439955
1.443614
1.447223
1.450779
1.454283
1.457735
1.461134
1.464479
1.467770
1.471008
1.474191
1.477319
1.480392
1.483409
1.486371
1.489276
1.492125
1.494917
1.497652
1.500329
1.502949
1.505511
1.508014
1.510459
1.512844
1.515171
1.517438
1.519645
1.521793
1.523880
1.525906
1.527872
1.529777
1.531621
1.533403
1.535123
1.536782
1.538379
1.539913
1.541385
1.542794
1.544141
1.545424
1.546645
1.547802
1.548895
1.549925
1.550891
1.551794
1.552632
1.553406
1.554116
1.554762
1.555343
1.555860
1.556312
1.556699
1.557022
1.557280
1.557473
1.557601
1.557664
1.557662
1.557596
1.557464
1.557268
1.557006
1.556680
1.556289
1.555833
1.555312
1.554726
1.554076
1.553361
1.552582
1.551738
1.550830
1.549857
1.548821
1.547721
1.546557
1.545329
1.544038
1.542684
1.541266
1.539786
1.538243
1.536638
1.534970
1.533241
1.531450
1.529598
1.527684
1.525710
1.523676
1.521581
1.519427
1.517214
1.514941
1.512610
1.510220
1.507773
1.505269
1.502708
1.500090
1.497417
1.494688
1.491905
1.489067
1.486176
1.483231
1.480234
1.477185
1.474085
1.470934
1.467734
1.464484
1.461186
1.457840
1.454447
1.451008
1.447523
1.443995
1.440422
1.436807
1.433150
1.429452
1.425715
1.421938
1.418124
1.414273
1.410386
1.406464
1.402509
1.398522
1.394503
1.390455
1.386378
1.382274
1.378144
1.373989
1.369811
1.365611
1.361391
1.357152
1.352896
1.348624
1.344338
1.340040
1.335730
1.331412
1.327087
1.322756
1.318422
1.314087
1.309751
1.305418
1.301089
1.296767
1.292453
1.288150
1.283860
1.279585
1.275328
1.271090
1.266875
1.262684
1.258521
1.254387
1.250286
1.246220
1.242191
1.238202
1.234257
1.230358
1.226507
1.222708
1.218964
1.215277
1.211651
1.208089
1.204594
1.201168
1.197816
1.194540
1.191344
1.188231
1.185204
1.182266
1.179421
1.176672
1.174024
1.171478
1.169038
1.166709
1.164492
1.162393
1.160413
1.158557
1.156828
1.155229
1.153764
1.152436
1.151249
1.150205
1.149308
1.148561
1.147967
1.147529
1.147251
1.147135
1.147185
1.147403
1.147791
1.148353
1.149092
1.150009
1.151107
1.152388
1.153856
1.155511
1.157356
1.159392
1.161623
1.164048
1.166670
1.169491
1.172511
1.175732
1.179154
1.182780
1.186609
1.190642
1.194881
1.199325
1.203974
1.208830
1.213892
1.219159
1.224633
1.230312
1.236197
1.242287
1.248581
1.255079
1.261779
1.268682
1.275786
1.283089
1.290592
1.298293
1.306190
1.314282
1.322567
1.331045
1.339714
1.348572
1.357616
1.366847
1.376261
1.385858
1.395635
1.405590
1.415721
1.426027
1.436505
1.447154
1.457972
1.468955
1.480104
1.491414
1.502885
1.514513
1.526298
1.538237
1.550327
1.562568
1.574956
1.587489
1.600166
1.612984
1.625941
1.639036
1.652265
1.665628
1.679122
1.692744
1.706494
1.720368
1.734366
1.748484
1.762722
1.777076
1.791546
1.806129
1.820823
1.835627
1.850538
1.865555
1.880676
1.895899
1.911222
1.926644
1.942163
1.957776
1.973483
1.989282
2.005171
2.021148
2.037212
2.053361
2.069593
2.085907
2.102301
2.118774
2.135324
2.151950
2.168650
2.185422
2.202266
2.219179
2.236161
2.253209
2.270323
2.287500
2.304740
2.322042
2.339403
2.356823
2.374300
2.391832
2.409419
2.427060
2.444752
2.462495
2.480287
2.498127
2.516015
2.533948
2.551925
2.569946
2.588008
2.606112
2.624255
2.642437
2.660656
2.678911
2.697201
2.715525
2.733882
2.752271
2.770690
2.789138
2.807615
2.826120
2.844650
2.863206
2.881786
2.900389
2.919014
2.937660
2.956326
2.975010
2.993713
3.012433
3.031168
3.049919
3.068683
3.087460
3.106249
3.125049
3.143859
3.162679
3.181506
3.200340
3.219181
3.238026
3.256876
3.275730
3.294586
3.313443
3.332301
3.351159
3.370015
3.388870
3.407721
3.426568
3.445411
3.464248
3.483078
3.501901
3.520716
3.539521
3.558316
3.577101
3.595873
3.614633
3.633380
3.652112
3.670829
3.689530
3.708214
3.726880
3.745528
3.764157
3.782765
3.801353
3.819918
3.838461
3.856981
3.875477
3.893947
3.912392
3.930810
3.949200
3.967563
3.985896
4.004200
4.022473
4.040715
4.058924
4.077101
4.095245
4.113354
4.131427
4.149465
4.167466
4.185430
4.203356
4.221243
4.239090
4.256896
4.274662
4.292386
4.310067
4.327705
4.345298
4.362847
4.380351
4.397808
4.415219
4.432582
4.449896
4.467162
4.484378
4.501543
4.518657
4.535720
4.552730
4.569686
4.586589
4.603438
4.620231
4.636968
4.653649
4.670272
4.686838
4.703345
4.719792
4.736180
4.752507
4.768774
4.784978
4.801120
4.817198
4.833213
4.849164
4.865050
4.880869
4.896623
4.912310
4.927929
4.943480
4.958963
4.974376
4.989719
5.004991
5.020192
5.035322
5.050379
5.065363
5.080274
5.095111
5.109873
5.124559
5.139170
5.153705
5.168162
5.182542
5.196844
5.211067
5.225211
5.239275
5.253258
5.267161
5.280983
5.294722
5.308379
5.321954
5.335444
5.348851
5.362172
5.375409
5.388560
5.401625
5.414604
5.427495
5.440299
5.453014
5.465641
5.478179
5.490627
5.502986
5.515253
5.527430
5.539515
5.551508
5.563409
5.575217
5.586931
5.598552
5.610079
5.621511
5.632847
5.644089
5.655234
5.666283
5.677235
5.688089
5.698846
5.709505
5.720066
5.730527
5.740889
5.751152
5.761314
5.771376
5.781337
5.791197
5.800955
5.810611
5.820165
5.829616
5.838963
5.848208
5.857348
5.866385
5.875316
5.884143
5.892865
5.901481
5.909992
5.918396
5.926694
5.934884
5.942968
5.950944
5.958813
5.966573
5.974225
5.981768
5.989203
5.996528
6.003743
6.010849
6.017845
6.024731
6.031506
6.038170
6.044723
6.051164
6.057494
6.063712
6.069818
6.075812
6.081693
6.087462
6.093117
6.098660
6.104088
6.109404
6.114605
6.119692
6.124666
6.129524
6.134269
6.138898
6.143412
6.147812
6.152096
6.156264
6.160317
6.164254
6.168076
6.171781
6.175370
6.178843
6.182199
6.185438
6.188561
6.191567
6.194456
6.197228
6.199883
6.202420
6.204841
6.207143
6.209328
6.211396
6.213345
6.215177
6.216892
6.218488
6.219966
6.221326
6.222568
6.223692
6.224698
6.225585
6.226354
6.227005
6.227538
6.227952
6.228248
6.228425
6.228485
