1.000000
0.999993
0.999970
0.999933
0.999882
0.999815
0.999734
0.999637
0.999526
0.999400
0.999260
0.999104
0.998934
0.998749
0.998549
0.998335
0.998106
0.997861
0.997602
0.997329
0.997040
0.996737
0.996419
0.996086
0.995739
0.995377
0.995000
0.994608
0.994201
0.993780
0.993344
0.992894
0.992428
0.991948
0.991453
0.990944
0.990420
0.989881
0.989327
0.988759
0.988176
0.987578
0.986966
0.986339
0.985698
0.985042
0.984371
0.983686
0.982986
0.982271
0.981542
0.980798
0.980040
0.979267
0.978480
0.977678
0.976861
0.976030
0.975185
0.974325
0.973451
0.972562
0.971658
0.970740
0.969808
0.968861
0.967900
0.966925
0.965935
0.964930
0.963912
0.962879
0.961831
0.960769
0.959693
0.958603
0.957498
0.956379
0.955246
0.954099
0.952937
0.951761
0.950571
0.949367
0.948148
0.946915
0.945669
0.944408
0.943132
0.941843
0.940540
0.939223
0.937891
0.936546
0.935186
0.933813
0.932426
0.931024
0.929609
0.928180
0.926736
0.925279
0.923808
0.922323
0.920825
0.919312
0.917786
0.916246
0.914692
0.913124
0.911543
0.909948
0.908339
0.906717
0.905081
0.903431
0.901767
0.900091
0.898400
0.896696
0.894978
0.893247
0.891503
0.889745
0.887973
0.886189
0.884390
0.882579
0.880754
0.878915
0.877064
0.875199
0.873321
0.871429
0.869524
0.867607
0.865676
0.863732
0.861774
0.859804
0.857821
0.855824
0.853815
0.851792
0.849757
0.847708
0.845647
0.843573
0.841486
0.839386
0.837273
0.835148
0.833009
0.830858
0.828695
0.826518
0.824329
0.822128
0.819913
0.817686
0.815447
0.813195
0.810931
0.808654
0.806365
0.804063
0.801749
0.799422
0.797084
0.794733
0.792369
0.789994
0.787606
0.785206
0.782794
0.780370
0.777934
0.775485
0.773025
0.770553
0.768068
0.765572
0.763064
0.760544
0.758013
0.755469
0.752914
0.750346
0.747768
0.745177
0.742575
0.739961
0.737336
0.734699
0.732051
0.729391
0.726720
0.724037
0.721343
0.718638
0.715921
0.713193
0.710454
0.707703
0.704942
0.702169
0.699385
0.696590
0.693784
0.690967
0.688139
0.685300
0.682451
0.679590
0.676719
0.673836
0.670944
0.668040
0.665126
0.662201
0.659265
0.656319
0.653362
0.650395
0.647417
0.644429
0.641431
0.638422
0.635403
0.632374
0.629334
0.626284
0.623224
0.620154
0.617074
0.613984
0.610884
0.607774
0.604654
0.601524
0.598384
0.595235
0.592075
0.588906
0.585728
0.582539
0.579341
0.576134
0.572917
0.569690
0.566454
0.563209
0.559954
0.556690
0.553417
0.550135
0.546843
0.543542
0.540232
0.536913
0.533585
0.530248
0.526902
0.523547
0.520183
0.516811
0.513429
0.510039
0.506641
0.503233
0.499817
0.496393
0.492960
0.489518
0.486068
0.482610
0.479143
0.475668
0.472185
0.468693
0.465194
0.461686
0.458170
0.454647
0.451115
0.447575
0.444027
0.440472
0.436909
0.433338
0.429759
0.426173
0.422579
0.418977
0.415368
0.411751
0.408127
0.404496
0.400857
0.397211
0.393557
0.389897
0.386229
0.382554
0.378873
0.375184
0.371488
0.367785
0.364075
0.360359
0.356635
0.352905
0.349169
0.345425
0.341676
0.337919
0.334156
0.330387
0.326611
0.322829
0.319040
0.315246
0.311445
0.307638
0.303824
0.300005
0.296180
0.292349
0.288512
0.284669
0.280820
0.276965
0.273105
0.269239
0.265368
0.261490
0.257608
0.253720
0.249826
0.245927
0.242023
0.238114
0.234199
0.230279
0.226355
0.222425
0.218490
0.214550
0.210605
0.206655
0.202701
0.198741
0.194777
0.190809
0.186836
0.182858
0.178876
0.174889
0.170898
0.166902
0.162903
0.158899
0.154891
0.150878
0.146862
0.142842
0.138817
0.134789
0.130757
0.126721
0.122681
0.118638
0.114590
0.110540
0.106485
0.102428
0.098366
0.094302
0.090234
0.086162
0.082088
0.078010
0.073929
0.069846
0.065759
0.061669
0.057576
0.053480
0.049382
0.045280
0.041176
0.037070
0.032961
0.028849
0.024735
0.020618
0.016499
0.012378
0.008254
0.004128
0.000000
0.004130
0.008262
0.012396
0.016533
0.020671
0.024810
0.028952
0.033095
0.037240
0.041387
0.045535
0.049685
0.053836
0.057989
0.062143
0.066298
0.070454
0.074612
0.078770
0.082930
0.087091
0.091253
0.095415
0.099579
0.103743
0.107908
0.112074
0.116240
0.120407
0.124574
0.128742
0.132910
0.137079
0.141248
0.145417
0.149586
0.153756
0.157925
0.162094
0.166264
0.170433
0.174602
0.178771
0.182940
0.187108
0.191276
0.195444
0.199611
0.203777
0.207943
0.212108
0.216273
0.220436
0.224599
0.228761
0.232922
0.237082
0.241241
0.245399
0.249556
0.253711
0.257865
0.262018
0.266170
0.270319
0.274468
0.278615
0.282760
0.286904
0.291046
0.295186
0.299324
0.303460
0.307594
0.311727
0.315857
0.319985
0.324111
0.328235
0.332356
0.336475
0.340592
0.344706
0.348818
0.352927
0.357033
0.361137
0.365238
0.369336
0.373431
0.377523
0.381613
0.385699
0.389782
0.393862
0.397939
0.402013
0.406083
0.410150
0.414214
0.418274
0.422330
0.426383
0.430432
0.434477
0.438519
0.442557
0.446591
0.450621
0.454647
0.458669
0.462687
0.466701
0.470710
0.474715
0.478716
0.482713
0.486705
0.490692
0.494675
0.498654
0.502627
0.506596
0.510560
0.514520
0.518474
0.522424
0.526368
0.530307
0.534242
0.538171
0.542095
0.546013
0.549926
0.553834
0.557737
0.561633
0.565525
0.569410
0.573290
0.577164
0.581033
0.584895
0.588752
0.592603
0.596448
0.600286
0.604119
0.607945
0.611765
0.615579
0.619386
0.623187
0.626982
0.630770
0.634551
0.638326
0.642094
0.645856
0.649611
0.653358
0.657099
0.660833
0.664560
0.668280
0.671993
0.675699
0.679397
0.683088
0.686772
0.690448
0.694117
0.697779
0.701432
0.705079
0.708717
0.712348
0.715971
0.719586
0.723194
0.726793
0.730385
0.733968
0.737544
0.741111
0.744670
0.748221
0.751763
0.755297
0.758823
0.762340
0.765848
0.769349
0.772840
0.776323
0.779797
0.783262
0.786718
0.790166
0.793604
0.797034
0.800455
0.803866
0.807268
0.810661
0.814045
0.817419
0.820784
0.824140
0.827486
0.830823
0.834150
0.837468
0.840775
0.844073
0.847362
0.850640
0.853909
0.857167
0.860416
0.863654
0.866883
0.870101
0.873309
0.876507
0.879695
0.882872
0.886039
0.889195
0.892341
0.895477
0.898602
0.901716
0.904819
0.907912
0.910994
0.914065
0.917125
0.920174
0.923212
0.926239
0.929255
0.932260
0.935254
0.938236
0.941207
0.944167
0.947116
0.950053
0.952978
0.955892
0.958794
0.961685
0.964564
0.967431
0.970287
0.973131
0.975962
0.978782
0.981590
0.984386
0.987170
0.989942
0.992701
0.995448
0.998183
1.000906
1.003617
1.006315
1.009000
1.011673
1.014334
1.016982
1.019617
1.022240
1.024850
1.027447
1.030031
1.032602
1.035161
1.037707
1.040239
1.042759
1.045265
1.047758
1.050239
1.052705
1.055159
1.057599
1.060026
1.062440
1.064840
1.067227
1.069600
1.071959
1.074305
1.076637
1.078956
1.081261
1.083552
1.085829
1.088092
1.090341
1.092576
1.094798
1.097005
1.099198
1.101377
1.103542
1.105692
1.107829
1.109951
1.112058
1.114152
1.116230
1.118295
1.120345
1.122380
1.124401
1.126407
1.128398
1.130375
1.132336
1.134283
1.136216
1.138133
1.140035
1.141923
1.143795
1.145652
1.147495
1.149322
1.151134
1.152931
1.154712
1.156478
1.158229
1.159965
1.161685
1.163390
1.165079
1.166753
1.168411
1.170054
1.171681
1.173292
1.174888
1.176468
1.178032
1.179580
1.181113
1.182630
1.184130
1.185615
1.187084
1.188536
1.189973
1.191394
1.192798
1.194186
1.195558
1.196914
1.198254
1.199577
1.200884
1.202174
1.203448
1.204706
1.205947
1.207172
1.208380
1.209571
1.210746
1.211905
1.213046
1.214171
1.215279
1.216370
1.217445
1.218502
1.219543
1.220567
1.221574
1.222564
1.223537
1.224492
1.225431
1.226353
1.227257
1.228145
1.229015
1.229868
1.230704
1.231522
1.232323
1.233107
1.233873
1.234622
1.235354
1.236068
1.236765
1.237444
1.238105
1.238749
1.239375
1.239984
1.240575
1.241148
1.241704
1.242242
1.242762
1.243264
1.243749
1.244215
1.244664
1.245095
1.245507
1.245902
1.246279
1.246638
1.246979
1.247302
1.247606
1.247893
1.248161
1.248411
1.248643
1.248857
1.249053
1.249230
1.249389
1.249530
1.249652
1.249756
1.249842
1.249909
1.249958
1.249988
1.250000
1.249993
1.249968
1.249924
1.249862
1.249781
1.249681
1.249563
1.249426
1.249271
1.249097
1.248904
1.248692
1.248462
1.248213
1.247945
1.247658
1.247352
1.247028
1.246684
1.246322
1.245941
1.245540
1.245121
1.244683
1.244226
1.243750
1.243255
1.242741
1.242208
1.241655
1.241084
1.240493
1.239884
1.239255
1.238607
1.237940
1.237253
1.236548
1.235823
1.235079
1.234316
1.233533
1.232731
1.231910
1.231069
1.230210
1.229330
1.228432
1.227514
1.226576
1.225620
1.224644
1.223648
1.222633
1.221598
1.220544
1.219471
1.218378
1.217265
1.216133
1.214982
1.213811
1.212620
1.211410
1.210180
1.208931
1.207662
1.206373
1.205065
1.203737
1.202390
1.201023
1.199636
1.198229
1.196803
1.195358
1.193892
1.192407
1.190902
1.189377
1.187833
1.186269
1.184685
1.183081
1.181458
1.179815
1.178152
1.176469
1.174767
1.173044
1.171302
1.169540
1.167759
1.165957
1.164136
1.162295
1.160434
1.158553
1.156652
1.154732
1.152791
1.150831
1.148851
1.146851
1.144831
1.142791
1.140732
1.138652
1.136553
1.134434
1.132295
1.130136
1.127957
1.125758
1.123540
1.121301
1.119043
1.116765
1.114466
1.112148
1.109810
1.107453
1.105075
1.102677
1.100260
1.097822
1.095365
1.092888
1.090391
1.087874
1.085337
1.082780
1.080203
1.077607
1.074991
1.072354
1.069698
1.067022
1.064326
1.061611
1.058875
1.056120
1.053344
1.050549
1.047734
1.044899
1.042045
1.039170
1.036276
1.033362
1.030428
1.027474
1.024500
1.021507
1.018494
1.015461
1.012408
1.009336
1.006244
1.003132
1.000000
0.996849
0.993677
0.990486
0.987276
0.984045
0.980795
0.977526
0.974236
0.970927
0.967598
0.964250
0.960882
0.957494
0.954087
0.950660
0.947214
0.943748
0.940262
0.936757
0.933232
0.929688
0.926124
0.922540
0.918937
0.915315
0.911673
0.908012
0.904331
0.900631
0.896911
0.893172
0.889413
0.885635
0.881838
0.878022
0.874186
0.870330
0.866456
0.862562
0.858648
0.854716
0.850764
0.846793
0.842803
0.838793
0.834765
0.830717
0.826650
0.822564
0.818458
0.814334
0.810191
0.806028
0.801847
0.797646
0.793426
0.789188
0.784930
0.780653
0.776358
0.772043
0.767710
0.763358
0.758987
0.754597
0.750188
0.745760
0.741314
0.736849
0.732365
0.727862
0.723341
0.718801
0.714242
0.709665
0.705069
0.700455
0.695822
0.691170
0.686500
0.681811
0.677104
0.672379
0.667635
0.662872
0.658091
0.653292
0.648475
0.643639
0.638785
0.633913
0.629022
0.624113
0.619186
0.614241
0.609278
0.604297
0.599297
0.594280
0.589244
0.584191
0.579119
0.574030
0.568922
0.563797
0.558654
0.553493
0.548314
0.543118
0.537903
0.532671
0.527422
0.522154
0.516869
0.511567
0.506246
0.500909
0.495553
0.490181
0.484790
0.479383
0.473958
0.468515
0.463055
0.457578
0.452084
0.446573
0.441044
0.435498
0.429935
0.424354
0.418757
0.413143
0.407511
0.401863
0.396198
0.390515
0.384816
0.379100
0.373368
0.367618
0.361852
0.356069
0.350269
0.344453
0.338620
0.332770
0.326904
0.321021
0.315122
0.309207
0.303275
0.297327
0.291362
0.285381
0.279384
0.273371
0.267341
0.261295
0.255234
0.249156
0.243062
0.236952
0.230826
0.224684
0.218527
0.212353
0.206164
0.199959
0.193738
0.187501
0.181249
0.174982
0.168698
0.162399
0.156085
0.149755
0.143410
0.137050
0.130674
0.124282
0.117876
0.111454
0.105018
0.098566
0.092099
0.085617
0.079119
0.072607
0.066080
0.059539
0.052982
0.046411
0.039824
0.033224
0.026608
0.019978
0.013333
0.006674
0.000000
0.006688
0.013391
0.020108
0.026839
0.033585
0.040344
0.047118
0.053906
0.060709
0.067525
0.074355
0.081199
0.088057
0.094929
0.101815
0.108714
0.115628
0.122555
0.129495
0.136449
0.143417
0.150398
0.157393
0.164401
0.171422
0.178457
0.185505
0.192566
0.199640
0.206728
0.213828
0.220941
0.228068
0.235207
0.242359
0.249524
0.256702
0.263893
0.271096
0.278312
0.285540
0.292781
0.300035
0.307300
0.314579
0.321869
0.329172
0.336487
0.343814
0.351153
0.358505
0.365868
0.373243
0.380631
0.388030
0.395441
0.402863
0.410298
0.417744
0.425202
0.432671
0.440152
0.447644
0.455147
0.462662
0.470188
0.477726
0.485274
0.492834
0.500405
0.507987
0.515580
0.523183
0.530798
0.538423
0.546060
0.553706
0.561364
0.569032
0.576711
0.584400
0.592099
0.599809
0.607529
0.615260
0.623001
0.630751
0.638512
0.646283
0.654064
0.661855
0.669656
0.677466
0.685287
0.693117
0.700956
0.708806
0.716665
0.724533
0.732410
0.740298
0.748194
0.756100
0.764014
0.771938
0.779871
0.787813
0.795764
0.803724
0.811693
0.819670
0.827657
0.835652
0.843655
0.851667
0.859688
0.867717
0.875754
0.883800
0.891854
0.899916
0.907986
0.916065
0.924151
0.932245
0.940348
0.948458
0.956576
0.964701
0.972835
0.980975
0.989124
0.997280
1.005443
1.013614
1.021792
1.029977
1.038169
1.046369
1.054575
1.062789
1.071010
1.079237
1.087471
1.095712
1.103960
1.112214
1.120475
1.128742
1.137016
1.145296
1.153583
1.161876
1.170175
1.178480
1.186791
1.195108
1.203431
1.211760
1.220095
1.228436
1.236782
1.245134
1.253491
1.261854
1.270223
1.278597
1.286976
1.295360
1.303750
1.312145
1.320544
1.328949
1.337359
1.345774
1.354193
1.362617
1.371046
1.379480
1.387918
1.396360
1.404807
1.413259
1.421714
1.430174
1.438638
1.447106
1.455578
1.464055
1.472535
1.481019
1.489506
1.497998
1.506493
1.514992
1.523494
1.531999
1.540508
1.549021
1.557537
1.566055
1.574577
1.583102
1.591630
1.600161
1.608695
1.617232
1.625771
1.634314
1.642858
1.651405
1.659955
1.668507
1.677062
1.685619
1.694178
1.702739
1.711302
1.719867
1.728434
1.737003
1.745574
1.754147
1.762721
1.771297
1.779875
1.788454
1.797034
1.805616
1.814199
1.822783
1.831369
1.839955
1.848543
1.857131
1.865720
1.874311
1.882901
1.891493
1.900085
1.908678
1.917271
1.925865
1.934459
1.943054
1.951648
1.960243
1.968838
1.977432
1.986027
1.994622
2.003216
2.011810
2.020404
2.028998
2.037591
2.046183
2.054775
2.063367
2.071957
2.080547
2.089136
2.097724
2.106311
2.114897
2.123482
2.132065
2.140648
2.149229
2.157808
2.166387
2.174963
2.183538
2.192112
2.200683
2.209253
2.217821
2.226387
2.234951
2.243513
2.252073
2.260631
2.269186
2.277739
2.286290
2.294838
2.303383
2.311926
2.320467
2.329004
2.337539
2.346071
2.354600
2.363125
2.371648
2.380168
2.388684
2.397197
2.405707
2.414214
2.422716
2.431216
2.439711
2.448203
2.456692
2.465176
2.473657
2.482133
2.490606
2.499074
2.507538
2.515998
2.524454
2.532906
2.541352
2.549795
2.558233
2.566666
2.575095
2.583518
2.591937
2.600351
2.608760
2.617164
2.625563
2.633957
2.642345
2.650729
2.659106
2.667479
2.675846
2.684207
2.692563
2.700913
2.709257
2.717595
2.725927
2.734254
2.742574
2.750889
2.759197
2.767499
2.775794
2.784083
2.792366
2.800642
2.808912
2.817175
2.825431
2.833681
2.841924
2.850159
2.858388
2.866610
2.874825
2.883032
2.891232
2.899425
2.907611
2.915789
2.923960
2.932123
2.940278
2.948426
2.956566
2.964698
2.972823
2.980939
2.989047
2.997147
3.005239
3.013323
3.021399
3.029466
3.037525
3.045575
3.053617
3.061650
3.069674
3.077690
3.085697
3.093695
3.101684
3.109664
3.117635
3.125597
3.133549
3.141493
3.149427
3.157352
3.165267
3.173172
3.181069
3.188955
3.196832
3.204699
3.212556
3.220403
3.228241
3.236068
3.243885
3.251692
3.259489
3.267276
3.275052
3.282818
3.290573
3.298318
3.306052
3.313775
3.321488
3.329190
3.336881
3.344561
3.352231
3.359889
3.367536
3.375172
3.382797
3.390410
3.398012
3.405603
3.413182
3.420750
3.428306
3.435851
3.443383
3.450904
3.458413
3.465911
3.473396
3.480869
3.488330
3.495779
3.503216
3.510640
3.518052
3.525452
3.532840
3.540214
3.547577
3.554926
3.562263
3.569587
3.576899
3.584197
3.591483
3.598755
3.606015
3.613261
3.620495
3.627715
3.634921
3.642115
3.649295
3.656461
3.663614
3.670754
3.677879
3.684991
3.692090
3.699174
3.706245
3.713302
3.720344
3.727373
3.734387
3.741388
3.748374
3.755346
3.762303
3.769247
3.776175
3.783089
3.789989
3.796874
3.803745
3.810600
3.817441
3.824267
3.831078
3.837874
3.844655
3.851421
3.858172
3.864908
3.871628
3.878334
3.885024
3.891698
3.898357
3.905001
3.911628
3.918241
3.924837
3.931418
3.937983
3.944533
3.951066
3.957584
3.964085
3.970570
3.977040
3.983493
3.989930
3.996350
4.002755
4.009143
4.015514
4.021869
4.028208
4.034530
4.040835
4.047124
4.053396
4.059651
4.065889
4.072110
4.078315
4.084502
4.090672
4.096826
4.102962
4.109081
4.115182
4.121267
4.127334
4.133383
4.139416
4.145430
4.151427
4.157407
4.163369
4.169313
4.175239
4.181148
4.187039
4.192912
4.198767
4.204603
4.210422
4.216223
4.222006
4.227770
4.233517
4.239245
4.244954
4.250645
4.256318
4.261973
4.267608
4.273226
4.278824
4.284404
4.289966
4.295508
4.301032
4.306537
4.312023
4.317490
4.322938
4.328367
4.333778
4.339168
4.344540
4.349893
4.355226
4.360540
4.365835
4.371110
4.376366
4.381603
4.386819
4.392017
4.397195
4.402353
4.407491
4.412610
4.417709
4.422788
4.427847
4.432887
4.437906
4.442906
4.447885
4.452845
4.457784
4.462703
4.467602
4.472481
4.477339
4.482177
4.486995
4.491793
4.496570
4.501326
4.506062
4.510778
4.515473
4.520147
4.524801
4.529434
4.534046
4.538637
4.543208
4.547758
4.552286
4.556794
4.561281
4.565747
4.570192
4.574616
4.579019
4.583400
4.587761
4.592100
4.596418
4.600714
4.604989
4.609243
4.613476
4.617687
4.621876
4.626044
4.630191
4.634316
4.638419
4.642501
4.646561
4.650599
4.654615
4.658610
4.662583
4.666534
4.670463
4.674370
4.678256
4.682119
4.685960
4.689780
4.693577
4.697352
4.701105
4.704836
4.708544
4.712231
4.715895
4.719536
4.723156
4.726753
4.730328
4.733880
4.737410
4.740917
4.744402
4.747864
4.751304
4.754721
4.758116
4.761488
4.764837
4.768163
4.771467
4.774748
4.778006
4.781242
4.784454
4.787644
4.790811
4.793955
4.797076
4.800174
4.803249
4.806301
4.809330
4.812335
4.815318
4.818278
4.821214
4.824127
4.827018
4.829884
4.832728
4.835548
4.838345
4.841119
4.843869
4.846596
4.849300
4.851980
4.854637
4.857270
4.859880
4.862466
4.865029
4.867568
4.870084
4.872576
4.875045
4.877490
4.879911
4.882309
4.884682
4.887033
4.889359
4.891662
4.893941
4.896196
4.898427
4.900635
4.902818
4.904978
4.907114
4.909226
4.911314
4.913379
4.915419
4.917435
4.919427
4.921396
4.923340
4.925260
4.927157
4.929029
4.930877
4.932701
4.934501
4.936276
4.938028
4.939755
4.941459
4.943138
4.944793
4.946423
4.948030
4.949612
4.951170
4.952704
4.954213
4.955698
4.957159
4.958596
4.960008
4.961396
4.962759
4.964099
4.965413
4.966704
4.967970
4.969211
4.970429
4.971621
4.972790
4.973933
4.975053
4.976148
4.977218
4.978264
4.979286
4.980283
4.981255
4.982203
4.983127
4.984026
4.984900
4.985750
4.986575
4.987376
4.988152
4.988904
4.989631
4.990333
4.991011
4.991664
4.992293
4.992897
4.993476
4.994031
4.994561
4.995067
4.995547
4.996004
4.996435
4.996842
4.997225
4.997582
4.997915
4.998224
4.998507
4.998766
4.999001
4.999210
4.999396
4.999556
4.999692
4.999803
4.999889
4.999951
4.999988
5.000000
4.999988
4.999951
4.999889
4.999803
4.999692
4.999556
4.999396
4.999210
4.999001
4.998766
4.998507
4.998224
4.997915
4.997582
4.997225
4.996842
4.996435
4.996004
4.995547
4.995067
4.994561
4.994031
4.993476
4.992897
4.992293
4.991664
4.991011
4.990333
4.989631
4.988904
4.988152
4.987376
4.986575
4.985750
4.984900
4.984026
4.983127
4.982203
4.981255
4.980283
4.979286
4.978264
4.977218
4.976148
4.975053
4.973933
4.972790
4.971621
4.970429
4.969211
4.967970
4.966704
4.965413
4.964099
4.962759
4.961396
4.960008
4.958596
4.957159
4.955698
4.954213
4.952704
4.951170
4.949612
4.948030
4.946423
4.944793
4.943138
4.941459
4.939755
4.938028
4.936276
4.934501
4.932701
4.930877
4.929029
4.927157
4.925260
4.923340
4.921396
4.919427
4.917435
4.915419
4.913379
4.911314
4.909226
4.907114
4.904978
4.902818
4.900635
4.898427
4.896196
4.893941
4.891662
4.889359
4.887033
4.884682
4.882309
4.879911
4.877490
4.875045
4.872576
4.870084
4.867568
4.865029
4.862466
4.859880
4.857270
4.854637
4.851980
4.849300
4.846596
4.843869
4.841119
4.838345
4.835548
4.832728
4.829884
4.827018
4.824127
4.821214
4.818278
4.815318
4.812335
4.809330
4.806301
4.803249
4.800174
4.797076
4.793955
4.790811
4.787644
4.784454
4.781242
4.778006
4.774748
4.771467
4.768163
4.764837
4.761488
4.758116
4.754721
4.751304
4.747864
4.744402
4.740917
4.737410
4.733880
4.730328
4.726753
4.723156
4.719536
4.715895
4.712231
4.708544
4.704836
4.701105
4.697352
4.693577
4.689780
4.685960
4.682119
4.678256
4.674370
4.670463
4.666534
4.662583
4.658610
4.654615
4.650599
4.646561
4.642501
4.638419
4.634316
4.630191
4.626044
4.621876
4.617687
4.613476
4.609243
4.604989
4.600714
4.596418
4.592100
4.587761
4.583400
4.579019
4.574616
4.570192
4.565747
4.561281
4.556794
4.552286
4.547758
4.543208
4.538637
4.534046
4.529434
4.524801
4.520147
4.515473
4.510778
4.506062
4.501326
4.496570
4.491793
4.486995
4.482177
4.477339
4.472481
4.467602
4.462703
4.457784
4.452845
4.447885
4.442906
4.437906
4.432887
4.427847
4.422788
4.417709
4.412610
4.407491
4.402353
4.397195
4.392017
4.386819
4.381603
4.376366
4.371110
4.365835
4.360540
4.355226
4.349893
4.344540
4.339168
4.333778
4.328367
4.322938
4.317490
4.312023
4.306537
4.301032
4.295508
4.289966
4.284404
4.278824
4.273226
4.267608
4.261973
4.256318
4.250645
4.244954
4.239245
4.233517
4.227770
4.222006
4.216223
4.210422
4.204603
4.198767
4.192912
4.187039
4.181148
4.175239
4.169313
4.163369
4.157407
4.151427
4.145430
4.139416
4.133383
4.127334
4.121267
4.115182
4.109081
4.102962
4.096826
4.090672
4.084502
4.078315
4.072110
4.065889
4.059651
4.053396
4.047124
4.040835
4.034530
4.028208
4.021869
4.015514
4.009143
4.002755
3.996350
3.989930
3.983493
3.977040
3.970570
3.964085
3.957584
3.951066
3.944533
3.937983
3.931418
3.924837
3.918241
3.911628
3.905001
3.898357
3.891698
3.885024
3.878334
3.871628
3.864908
3.858172
3.851421
3.844655
3.837874
3.831078
3.824267
3.817441
3.810600
3.803745
3.796874
3.789989
3.783089
3.776175
3.769247
3.762303
3.755346
3.748374
3.741388
3.734387
3.727373
3.720344
3.713302
3.706245
3.699174
3.692090
3.684991
3.677879
3.670754
3.663614
3.656461
3.649295
3.642115
3.634921
3.627715
3.620495
3.613261
3.606015
3.598755
3.591483
3.584197
3.576899
3.569587
3.562263
3.554926
3.547577
3.540214
3.532840
3.525452
3.518052
3.510640
3.503216
3.495779
3.488330
3.480869
3.473396
3.465911
3.458413
3.450904
3.443383
3.435851
3.428306
3.420750
3.413182
3.405603
3.398012
3.390410
3.382797
3.375172
3.367536
3.359889
3.352231
3.344561
3.336881
3.329190
3.321488
3.313775
3.306052
3.298318
3.290573
3.282818
3.275052
3.267276
3.259489
3.251692
3.243885
3.236068
3.228241
3.220403
3.212556
3.204699
3.196832
3.188955
3.181069
3.173172
3.165267
3.157352
3.149427
3.141493
3.133549
3.125597
3.117635
3.109664
3.101684
3.093695
3.085697
3.077690
3.069674
3.061650
3.053617
3.045575
3.037525
3.029466
3.021399
3.013323
3.005239
2.997147
2.989047
2.980939
2.972823
2.964698
2.956566
2.948426
2.940278
2.932123
2.923960
2.915789
2.907611
2.899425
2.891232
2.883032
2.874825
2.866610
2.858388
2.850159
2.841924
2.833681
2.825431
2.817175
2.808912
2.800642
2.792366
2.784083
2.775794
2.767499
2.759197
2.750889
2.742574
2.734254
2.725927
2.717595
2.709257
2.700913
2.692563
2.684207
2.675846
2.667479
2.659106
2.650729
2.642345
2.633957
2.625563
2.617164
2.608760
2.600351
2.591937
2.583518
2.575095
2.566666
2.558233
2.549795
2.541352
2.532906
2.524454
2.515998
2.507538
2.499074
2.490606
2.482133
2.473657
2.465176
2.456692
2.448203
2.439711
2.431216
2.422716
2.414214
2.405707
2.397197
2.388684
2.380168
2.371648
2.363125
2.354600
2.346071
2.337539
2.329004
2.320467
2.311926
2.303383
2.294838
2.286290
2.277739
2.269186
2.260631
2.252073
2.243513
2.234951
2.226387
2.217821
2.209253
2.200683
2.192112
2.183538
2.174963
2.166387
2.157808
2.149229
2.140648
2.132065
2.123482
2.114897
2.106311
2.097724
2.089136
2.080547
2.071957
2.063367
2.054775
2.046183
2.037591
2.028998
2.020404
2.011810
2.003216
1.994622
1.986027
1.977432
1.968838
1.960243
1.951648
1.943054
1.934459
1.925865
1.917271
1.908678
1.900085
1.891493
1.882901
1.874311
1.865720
1.857131
1.848543
1.839955
1.831369
1.822783
1.814199
1.805616
1.797034
1.788454
1.779875
1.771297
1.762721
1.754147
1.745574
1.737003
1.728434
1.719867
1.711302
1.702739
1.694178
1.685619
1.677062
1.668507
1.659955
1.651405
1.642858
1.634314
1.625771
1.617232
1.608695
1.600161
1.591630
1.583102
1.574577
1.566055
1.557537
1.549021
1.540508
1.531999
1.523494
1.514992
1.506493
1.497998
1.489506
1.481019
1.472535
1.464055
1.455578
1.447106
1.438638
1.430174
1.421714
1.413259
1.404807
1.396360
1.387918
1.379480
1.371046
1.362617
1.354193
1.345774
1.337359
1.328949
1.320544
1.312145
1.303750
1.295360
1.286976
1.278597
1.270223
1.261854
1.253491
1.245134
1.236782
1.228436
1.220095
1.211760
1.203431
1.195108
1.186791
1.178480
1.170175
1.161876
1.153583
1.145296
1.137016
1.128742
1.120475
1.112214
1.103960
1.095712
1.087471
1.079237
1.071010
1.062789
1.054575
1.046369
1.038169
1.029977
1.021792
1.013614
1.005443
0.997280
0.989124
0.980975
0.972835
0.964701
0.956576
0.948458
0.940348
0.932245
0.924151
0.916065
0.907986
0.899916
0.891854
0.883800
0.875754
0.867717
0.859688
0.851667
0.843655
0.835652
0.827657
0.819670
0.811693
0.803724
0.795764
0.787813
0.779871
0.771938
0.764014
0.756100
0.748194
0.740298
0.732410
0.724533
0.716665
0.708806
0.700956
0.693117
0.685287
0.677466
0.669656
0.661855
0.654064
0.646283
0.638512
0.630751
0.623001
0.615260
0.607529
0.599809
0.592099
0.584400
0.576711
0.569032
0.561364
0.553706
0.546060
0.538423
0.530798
0.523183
0.515580
0.507987
0.500405
0.492834
0.485274
0.477726
0.470188
0.462662
0.455147
0.447644
0.440152
0.432671
0.425202
0.417744
0.410298
0.402863
0.395441
0.388030
0.380631
0.373243
0.365868
0.358505
0.351153
0.343814
0.336487
0.329172
0.321869
0.314579
0.307300
0.300035
0.292781
0.285540
0.278312
0.271096
0.263893
0.256702
0.249524
0.242359
0.235207
0.228068
0.220941
0.213828
0.206728
0.199640
0.192566
0.185505
0.178457
0.171422
0.164401
0.157393
0.150398
0.143417
0.136449
0.129495
0.122555
0.115628
0.108714
0.101815
0.094929
0.088057
0.081199
0.074355
0.067525
0.060709
0.053906
0.047118
0.040344
0.033585
0.026839
0.020108
0.013391
0.006688
0.000000
0.006674
0.013333
0.019978
0.026608
0.033224
0.039824
0.046411
0.052982
0.059539
0.066080
0.072607
0.079119
0.085617
0.092099
0.098566
0.105018
0.111454
0.117876
0.124282
0.130674
0.137050
0.143410
0.149755
0.156085
0.162399
0.168698
0.174982
0.181249
0.187501
0.193738
0.199959
0.206164
0.212353
0.218527
0.224684
0.230826
0.236952
0.243062
0.249156
0.255234
0.261295
0.267341
0.273371
0.279384
0.285381
0.291362
0.297327
0.303275
0.309207
0.315122
0.321021
0.326904
0.332770
0.338620
0.344453
0.350269
0.356069
0.361852
0.367618
0.373368
0.379100
0.384816
0.390515
0.396198
0.401863
0.407511
0.413143
0.418757
0.424354
0.429935
0.435498
0.441044
0.446573
0.452084
0.457578
0.463055
0.468515
0.473958
0.479383
0.484790
0.490181
0.495553
0.500909
0.506246
0.511567
0.516869
0.522154
0.527422
0.532671
0.537903
0.543118
0.548314
0.553493
0.558654
0.563797
0.568922
0.574030
0.579119
0.584191
0.589244
0.594280
0.599297
0.604297
0.609278
0.614241
0.619186
0.624113
0.629022
0.633913
0.638785
0.643639
0.648475
0.653292
0.658091
0.662872
0.667635
0.672379
0.677104
0.681811
0.686500
0.691170
0.695822
0.700455
0.705069
0.709665
0.714242
0.718801
0.723341
0.727862
0.732365
0.736849
0.741314
0.745760
0.750188
0.754597
0.758987
0.763358
0.767710
0.772043
0.776358
0.780653
0.784930
0.789188
0.793426
0.797646
0.801847
0.806028
0.810191
0.814334
0.818458
0.822564
0.826650
0.830717
0.834765
0.838793
0.842803
0.846793
0.850764
0.854716
0.858648
0.862562
0.866456
0.870330
0.874186
0.878022
0.881838
0.885635
0.889413
0.893172
0.896911
0.900631
0.904331
0.908012
0.911673
0.915315
0.918937
0.922540
0.926124
0.929688
0.933232
0.936757
0.940262
0.943748
0.947214
0.950660
0.954087
0.957494
0.960882
0.964250
0.967598
0.970927
0.974236
0.977526
0.980795
0.984045
0.987276
0.990486
0.993677
0.996849
1.000000
1.003132
1.006244
1.009336
1.012408
1.015461
1.018494
1.021507
1.024500
1.027474
1.030428
1.033362
1.036276
1.039170
1.042045
1.044899
1.047734
1.050549
1.053344
1.056120
1.058875
1.061611
1.064326
1.067022
1.069698
1.072354
1.074991
1.077607
1.080203
1.082780
1.085337
1.087874
1.090391
1.092888
1.095365
1.097822
1.100260
1.102677
1.105075
1.107453
1.109810
1.112148
1.114466
1.116765
1.119043
1.121301
1.123540
1.125758
1.127957
1.130136
1.132295
1.134434
1.136553
1.138652
1.140732
1.142791
1.144831
1.146851
1.148851
1.150831
1.152791
1.154732
1.156652
1.158553
1.160434
1.162295
1.164136
1.165957
1.167759
1.169540
1.171302
1.173044
1.174767
1.176469
1.178152
1.179815
1.181458
1.183081
1.184685
1.186269
1.187833
1.189377
1.190902
1.192407
1.193892
1.195358
1.196803
1.198229
1.199636
1.201023
1.202390
1.203737
1.205065
1.206373
1.207662
1.208931
1.210180
1.211410
1.212620
1.213811
1.214982
1.216133
1.217265
1.218378
1.219471
1.220544
1.221598
1.222633
1.223648
1.224644
1.225620
1.226576
1.227514
1.228432
1.229330
1.230210
1.231069
1.231910
1.232731
1.233533
1.234316
1.235079
1.235823
1.236548
1.237253
1.237940
1.238607
1.239255
1.239884
1.240493
1.241084
1.241655
1.242208
1.242741
1.243255
1.243750
1.244226
1.244683
1.245121
1.245540
1.245941
1.246322
1.246684
1.247028
1.247352
1.247658
1.247945
1.248213
1.248462
1.248692
1.248904
1.249097
1.249271
1.249426
1.249563
1.249681
1.249781
1.249862
1.249924
1.249968
1.249993
1.250000
1.249988
1.249958
1.249909
1.249842
1.249756
1.249652
1.249530
1.249389
1.249230
1.249053
1.248857
1.248643
1.248411
1.248161
1.247893
1.247606
1.247302
1.246979
1.246638
1.246279
1.245902
1.245507
1.245095
1.244664
1.244215
1.243749
1.243264
1.242762
1.242242
1.241704
1.241148
1.240575
1.239984
1.239375
1.238749
1.238105
1.237444
1.236765
1.236068
1.235354
1.234622
1.233873
1.233107
1.232323
1.231522
1.230704
1.229868
1.229015
1.228145
1.227257
1.226353
1.225431
1.224492
1.223537
1.222564
1.221574
1.220567
1.219543
1.218502
1.217445
1.216370
1.215279
1.214171
1.213046
1.211905
1.210746
1.209571
1.208380
1.207172
1.205947
1.204706
1.203448
1.202174
1.200884
1.199577
1.198254
1.196914
1.195558
1.194186
1.192798
1.191394
1.189973
1.188536
1.187084
1.185615
1.184130
1.182630
1.181113
1.179580
1.178032
1.176468
1.174888
1.173292
1.171681
1.170054
1.168411
1.166753
1.165079
1.163390
1.161685
1.159965
1.158229
1.156478
1.154712
1.152931
1.151134
1.149322
1.147495
1.145652
1.143795
1.141923
1.140035
1.138133
1.136216
1.134283
1.132336
1.130375
1.128398
1.126407
1.124401
1.122380
1.120345
1.118295
1.116230
1.114152
1.112058
1.109951
1.107829
1.105692
1.103542
1.101377
1.099198
1.097005
1.094798
1.092576
1.090341
1.088092
1.085829
1.083552
1.081261
1.078956
1.076637
1.074305
1.071959
1.069600
1.067227
1.064840
1.062440
1.060026
1.057599
1.055159
1.052705
1.050239
1.047758
1.045265
1.042759
1.040239
1.037707
1.035161
1.032602
1.030031
1.027447
1.024850
1.022240
1.019617
1.016982
1.014334
1.011673
1.009000
1.006315
1.003617
1.000906
0.998183
0.995448
0.992701
0.989942
0.987170
0.984386
0.981590
0.978782
0.975962
0.973131
0.970287
0.967431
0.964564
0.961685
0.958794
0.955892
0.952978
0.950053
0.947116
0.944167
0.941207
0.938236
0.935254
0.932260
0.929255
0.926239
0.923212
0.920174
0.917125
0.914065
0.910994
0.907912
0.904819
0.901716
0.898602
0.895477
0.892341
0.889195
0.886039
0.882872
0.879695
0.876507
0.873309
0.870101
0.866883
0.863654
0.860416
0.857167
0.853909
0.850640
0.847362
0.844073
0.840775
0.837468
0.834150
0.830823
0.827486
0.824140
0.820784
0.817419
0.814045
0.810661
0.807268
0.803866
0.800455
0.797034
0.793604
0.790166
0.786718
0.783262
0.779797
0.776323
0.772840
0.769349
0.765848
0.762340
0.758823
0.755297
0.751763
0.748221
0.744670
0.741111
0.737544
0.733968
0.730385
0.726793
0.723194
0.719586
0.715971
0.712348
0.708717
0.705079
0.701432
0.697779
0.694117
0.690448
0.686772
0.683088
0.679397
0.675699
0.671993
0.668280
0.664560
0.660833
0.657099
0.653358
0.649611
0.645856
0.642094
0.638326
0.634551
0.630770
0.626982
0.623187
0.619386
0.615579
0.611765
0.607945
0.604119
0.600286
0.596448
0.592603
0.588752
0.584895
0.581033
0.577164
0.573290
0.569410
0.565525
0.561633
0.557737
0.553834
0.549926
0.546013
0.542095
0.538171
0.534242
0.530307
0.526368
0.522424
0.518474
0.514520
0.510560
0.506596
0.502627
0.498654
0.494675
0.490692
0.486705
0.482713
0.478716
0.474715
0.470710
0.466701
0.462687
0.458669
0.454647
0.450621
0.446591
0.442557
0.438519
0.434477
0.430432
0.426383
0.422330
0.418274
0.414214
0.410150
0.406083
0.402013
0.397939
0.393862
0.389782
0.385699
0.381613
0.377523
0.373431
0.369336
0.365238
0.361137
0.357033
0.352927
0.348818
0.344706
0.340592
0.336475
0.332356
0.328235
0.324111
0.319985
0.315857
0.311727
0.307594
0.303460
0.299324
0.295186
0.291046
0.286904
0.282760
0.278615
0.274468
0.270319
0.266170
0.262018
0.257865
0.253711
0.249556
0.245399
0.241241
0.237082
0.232922
0.228761
0.224599
0.220436
0.216273
0.212108
0.207943
0.203777
0.199611
0.195444
0.191276
0.187108
0.182940
0.178771
0.174602
0.170433
0.166264
0.162094
0.157925
0.153756
0.149586
0.145417
0.141248
0.137079
0.132910
0.128742
0.124574
0.120407
0.116240
0.112074
0.107908
0.103743
0.099579
0.095415
0.091253
0.087091
0.082930
0.078770
0.074612
0.070454
0.066298
0.062143
0.057989
0.053836
0.049685
0.045535
0.041387
0.037240
0.033095
0.028952
0.024810
0.020671
0.016533
0.012396
0.008262
0.004130
0.000000
0.004128
0.008254
0.012378
0.016499
0.020618
0.024735
0.028849
0.032961
0.037070
0.041176
0.045280
0.049382
0.053480
0.057576
0.061669
0.065759
0.069846
0.073929
0.078010
0.082088
0.086162
0.090234
0.094302
0.098366
0.102428
0.106485
0.110540
0.114590
0.118638
0.122681
0.126721
0.130757
0.134789
0.138817
0.142842
0.146862
0.150878
0.154891
0.158899
0.162903
0.166902
0.170898
0.174889
0.178876
0.182858
0.186836
0.190809
0.194777
0.198741
0.202701
0.206655
0.210605
0.214550
0.218490
0.222425
0.226355
0.230279
0.234199
0.238114
0.242023
0.245927
0.249826
0.253720
0.257608
0.261490
0.265368
0.269239
0.273105
0.276965
0.280820
0.284669
0.288512
0.292349
0.296180
0.300005
0.303824
0.307638
0.311445
0.315246
0.319040
0.322829
0.326611
0.330387
0.334156
0.337919
0.341676
0.345425
0.349169
0.352905
0.356635
0.360359
0.364075
0.367785
0.371488
0.375184
0.378873
0.382554
0.386229
0.389897
0.393557
0.397211
0.400857
0.404496
0.408127
0.411751
0.415368
0.418977
0.422579
0.426173
0.429759
0.433338
0.436909
0.440472
0.444027
0.447575
0.451115
0.454647
0.458170
0.461686
0.465194
0.468693
0.472185
0.475668
0.479143
0.482610
0.486068
0.489518
0.492960
0.496393
0.499817
0.503233
0.506641
0.510039
0.513429
0.516811
0.520183
0.523547
0.526902
0.530248
0.533585
0.536913
0.540232
0.543542
0.546843
0.550135
0.553417
0.556690
0.559954
0.563209
0.566454
0.569690
0.572917
0.576134
0.579341
0.582539
0.585728
0.588906
0.592075
0.595235
0.598384
0.601524
0.604654
0.607774
0.610884
0.613984
0.617074
0.620154
0.623224
0.626284
0.629334
0.632374
0.635403
0.638422
0.641431
0.644429
0.647417
0.650395
0.653362
0.656319
0.659265
0.662201
0.665126
0.668040
0.670944
0.673836
0.676719
0.679590
0.682451
0.685300
0.688139
0.690967
0.693784
0.696590
0.699385
0.702169
0.704942
0.707703
0.710454
0.713193
0.715921
0.718638
0.721343
0.724037
0.726720
0.729391
0.732051
0.734699
0.737336
0.739961
0.742575
0.745177
0.747768
0.750346
0.752914
0.755469
0.758013
0.760544
0.763064
0.765572
0.768068
0.770553
0.773025
0.775485
0.777934
0.780370
0.782794
0.785206
0.787606
0.789994
0.792369
0.794733
0.797084
0.799422
0.801749
0.804063
0.806365
0.808654
0.810931
0.813195
0.815447
0.817686
0.819913
0.822128
0.824329
0.826518
0.828695
0.830858
0.833009
0.835148
0.837273
0.839386
0.841486
0.843573
0.845647
0.847708
0.849757
0.851792
0.853815
0.855824
0.857821
0.859804
0.861774
0.863732
0.865676
0.867607
0.869524
0.871429
0.873321
0.875199
0.877064
0.878915
0.880754
0.882579
0.884390
0.886189
0.887973
0.889745
0.891503
0.893247
0.894978
0.896696
0.898400
0.900091
0.901767
0.903431
0.905081
0.906717
0.908339
0.909948
0.911543
0.913124
0.914692
0.916246
0.917786
0.919312
0.920825
0.922323
0.923808
0.925279
0.926736
0.928180
0.929609
0.931024
0.932426
0.933813
0.935186
0.936546
0.937891
0.939223
0.940540
0.941843
0.943132
0.944408
0.945669
0.946915
0.948148
0.949367
0.950571
0.951761
0.952937
0.954099
0.955246
0.956379
0.957498
0.958603
0.959693
0.960769
0.961831
0.962879
0.963912
0.964930
0.965935
0.966925
0.967900
0.968861
0.969808
0.970740
0.971658
0.972562
0.973451
0.974325
0.975185
0.976030
0.976861
0.977678
0.978480
0.979267
0.980040
0.980798
0.981542
0.982271
0.982986
0.983686
0.984371
0.985042
0.985698
0.986339
0.986966
0.987578
0.988176
0.988759
0.989327
0.989881
0.990420
0.990944
0.991453
0.991948
0.992428
0.992894
0.993344
0.993780
0.994201
0.994608
0.995000
0.995377
0.995739
0.996086
0.996419
0.996737
0.997040
0.997329
0.997602
0.997861
0.998106
0.998335
0.998549
0.998749
0.998934
0.999104
0.999260
0.999400
0.999526
0.999637
0.999734
0.999815
0.999882
0.999933
0.999970
0.999993
1.000000
