0.292893
0.292942
0.293089
0.293333
0.293675
0.294114
0.294648
0.295279
0.296004
0.296824
0.297736
0.298741
0.299836
0.301021
0.302294
0.303653
0.305098
0.306626
0.308236
0.309926
0.311695
0.313541
0.315461
0.317454
0.319519
0.321653
0.323854
0.326120
0.328450
0.330842
0.333293
0.335801
0.338365
0.340983
0.343653
0.346373
0.349141
0.351955
0.354813
0.357714
0.360656
0.363637
0.366655
0.369709
0.372797
0.375917
0.379067
0.382247
0.385455
0.388688
0.391947
0.395228
0.398531
0.401854
0.405196
0.408556
0.411932
0.415324
0.418729
0.422146
0.425575
0.429014
0.432462
0.435919
0.439382
0.442851
0.446324
0.449802
0.453282
0.456764
0.460246
0.463729
0.467211
0.470690
0.474168
0.477641
0.481110
0.484574
0.488032
0.491482
0.494926
0.498361
0.501787
0.505203
0.508609
0.512004
0.515387
0.518757
0.522114
0.525458
0.528787
0.532102
0.535400
0.538683
0.541949
0.545197
0.548428
0.551641
0.554834
0.558009
0.561163
0.564297
0.567410
0.570502
0.573572
0.576620
0.579644
0.582646
0.585624
0.588578
0.591508
0.594413
0.597292
0.600146
0.602973
0.605775
0.608549
0.611296
0.614016
0.616707
0.619370
0.622005
0.624611
0.627187
0.629734
0.632251
0.634737
0.637193
0.639619
0.642013
0.644375
0.646706
0.649004
0.651271
0.653505
0.655706
0.657873
0.660008
0.662109
0.664176
0.666208
0.668207
0.670171
0.672100
0.673994
0.675853
0.677677
0.679464
0.681216
0.682932
0.684612
0.686255
0.687861
0.689431
0.690963
0.692459
0.693917
0.695338
0.696721
0.698066
0.699373
0.700642
0.701873
0.703065
0.704219
0.705334
0.706411
0.707448
0.708447
0.709406
0.710326
0.711207
0.712048
0.712849
0.713611
0.714333
0.715016
0.715658
0.716260
0.716823
0.717345
0.717827
0.718268
0.718670
0.719031
0.719351
0.719631
0.719870
0.720069
0.720227
0.720345
0.720422
0.720458
0.720454
0.720408
0.720322
0.720196
0.720028
0.719820
0.719571
0.719281
0.718951
0.718579
0.718168
0.717715
0.717222
0.716688
0.716114
0.715499
0.714844
0.714148
0.713412
0.712635
0.711819
0.710962
0.710065
0.709128
0.708151
0.707134
0.706077
0.704981
0.703845
0.702669
0.701454
0.700200
0.698907
0.697574
0.696203
0.694793
0.693344
0.691857
0.690331
0.688767
0.687165
0.685525
0.683847
0.682131
0.680379
0.678588
0.676761
0.674897
0.672996
0.671059
0.669085
0.667075
0.665030
0.662948
0.660832
0.658680
0.656492
0.654271
0.652014
0.649724
0.647399
0.645041
0.642649
0.640225
0.637767
0.635276
0.632754
0.630199
0.627612
0.624995
0.622346
0.619666
0.616956
0.614216
0.611446
0.608647
0.605819
0.602962
0.600077
0.597165
0.594225
0.591258
0.588264
0.585244
0.582199
0.579128
0.576032
0.572913
0.569769
0.566602
0.563412
0.560200
0.556965
0.553710
0.550434
0.547138
0.543822
0.540487
0.537134
0.533763
0.530374
0.526970
0.523549
0.520113
0.516663
0.513199
0.509722
0.506233
0.502732
0.499220
0.495698
0.492167
0.488628
0.485082
0.481529
0.477970
0.474407
0.470839
0.467269
0.463698
0.460125
0.456553
0.452982
0.449414
0.445849
0.442290
0.438736
0.435189
0.431651
0.428123
0.424606
0.421102
0.417611
0.414136
0.410678
0.407238
0.403819
0.400420
0.397045
0.393695
0.390371
0.387076
0.383811
0.380577
0.377378
0.374214
0.371088
0.368002
0.364958
0.361957
0.359003
0.356097
0.353241
0.350437
0.347688
0.344997
0.342365
0.339794
0.337288
0.334848
0.332477
0.330177
0.327950
0.325799
0.323727
0.321735
0.319827
0.318003
0.316267
0.314620
0.313066
0.311605
0.310240
0.308972
0.307805
0.306738
0.305775
0.304917
0.304164
0.303519
0.302982
0.302554
0.302237
0.302031
0.301937
0.301955
0.302086
0.302329
0.302685
0.303153
0.303734
0.304426
0.305229
0.306142
0.307165
0.308296
0.309534
0.310879
0.312327
0.313879
0.315532
0.317285
0.319135
0.321082
0.323122
0.325255
0.327478
0.329788
0.332185
0.334665
0.337226
0.339867
0.342585
0.345377
0.348242
0.351177
0.354180
0.357249
0.360382
0.363576
0.366829
0.370139
0.373504
0.376922
0.380391
0.383908
0.387473
0.391082
0.394734
0.398427
0.402159
0.405929
0.409734
0.413573
0.417443
0.421345
0.425275
0.429232
0.433214
0.437221
0.441250
0.445301
0.449371
0.453459
0.457564
0.461685
0.465820
0.469968
0.474127
0.478297
0.482477
0.486664
0.490859
0.495059
0.499265
0.503474
0.507685
0.511899
0.516113
0.520326
0.524539
0.528749
0.532956
0.537159
0.541358
0.545550
0.549736
0.553915
0.558085
0.562246
0.566398
0.570539
0.574668
0.578786
0.582891
0.586982
0.591059
0.595121
0.599168
0.603199
0.607212
0.611209
0.615187
0.619146
0.623086
0.627006
0.630906
0.634784
0.638641
0.642476
0.646287
0.650076
0.653840
0.657581
0.661296
0.664986
0.668650
0.672287
0.675898
0.679481
0.683037
0.686564
0.690062
0.693531
0.696971
0.700380
0.703759
0.707107
0.710423
0.713708
0.716960
0.720180
0.723366
0.726520
0.729639
0.732724
0.735775
0.738791
0.741771
0.744716
0.747624
0.750497
0.753332
0.756131
0.758892
0.761615
0.764300
0.766947
0.769555
0.772125
0.774654
0.777144
0.779595
0.782005
0.784374
0.786703
0.788990
0.791237
0.793441
0.795604
0.797724
0.799802
0.801838
0.803830
0.805780
0.807685
0.809548
0.811366
0.813140
0.814870
0.816555
0.818195
0.819791
0.821341
0.822846
0.824305
0.825718
0.827086
0.828407
0.829681
0.830910
0.832091
0.833226
0.834313
0.835353
0.836346
0.837291
0.838189
0.839039
0.839840
0.840594
0.841299
0.841956
0.842565
0.843125
0.843636
0.844098
0.844511
0.844875
0.845190
0.845455
0.845672
0.845838
0.845956
0.846023
0.846041
0.846009
0.845928
0.845796
0.845615
0.845383
0.845102
0.844770
0.844388
0.843956
0.843474
0.842942
0.842359
0.841727
0.841043
0.840310
0.839527
0.838693
0.837809
0.836874
0.835890
0.834855
0.833770
0.832635
0.831450
0.830214
0.828929
0.827594
0.826209
0.824774
0.823289
0.821755
0.820171
0.818537
0.816854
0.815122
0.813340
0.811510
0.809630
0.807701
0.805724
0.803698
0.801624
0.799501
0.797330
0.795111
0.792844
0.790529
0.788167
0.785757
0.783300
0.780796
0.778246
0.775648
0.773005
0.770315
0.767580
0.764798
0.761972
0.759100
0.756183
0.753222
0.750216
0.747166
0.744073
0.740936
0.737755
0.734532
0.731267
0.727959
0.724610
0.721219
0.717787
0.714314
0.710801
0.707248
0.703655
0.700024
0.696354
0.692645
0.688899
0.685116
0.681296
0.677440
0.673548
0.669621
0.665659
0.661663
0.657634
0.653571
0.649477
0.645351
0.641193
0.637006
0.632789
0.628542
0.624268
0.619966
0.615638
0.611283
0.606903
0.602500
0.598072
0.593623
0.589151
0.584660
0.580148
0.575618
0.571070
0.566506
0.561927
0.557333
0.552726
0.548107
0.543478
0.538840
0.534194
0.529541
0.524883
0.520222
0.515559
0.510895
0.506233
0.501573
0.496918
0.492270
0.487631
0.483002
0.478385
0.473783
0.469197
0.464631
0.460086
0.455565
0.451070
0.446604
0.442169
0.437769
0.433406
0.429083
0.424802
0.420569
0.416384
0.412253
0.408177
0.404162
0.400210
0.396325
0.392511
0.388771
0.385111
0.381534
0.378043
0.374645
0.371341
0.368138
0.365039
0.362049
0.359173
0.356414
0.353778
0.351268
0.348890
0.346647
0.344545
0.342586
0.340776
0.339117
0.337615
0.336272
0.335092
0.334078
0.333234
0.332561
0.332063
0.331740
0.331596
0.331631
0.331848
0.332245
0.332825
0.333587
0.334531
0.335656
0.336961
0.338446
0.340109
0.341948
0.343960
0.346145
0.348498
0.351018
0.353701
0.356544
0.359544
0.362697
0.366000
0.369449
0.373041
0.376770
0.380635
0.384630
0.388752
0.392997
0.397360
0.401839
0.406429
0.411127
0.415928
0.420829
0.425826
0.430916
0.436095
0.441359
0.446706
0.452132
0.457634
0.463209
0.468853
0.474563
0.480338
0.486173
0.492066
0.498015
0.504016
0.510068
0.516168
0.522313
0.528501
0.534730
0.540997
0.547301
0.553640
0.560011
0.566412
0.572842
0.579299
0.585780
0.592284
0.598810
0.605356
0.611920
0.618500
0.625095
0.631703
0.638324
0.644955
0.651595
0.658243
0.664897
0.671556
0.678219
0.684885
0.691552
0.698219
0.704885
0.711549
0.718210
0.724866
0.731516
0.738160
0.744796
0.751423
0.758041
0.764648
0.771243
0.777826
0.784395
0.790949
0.797488
0.804010
0.810515
0.817002
0.823470
0.829918
0.836346
0.842751
0.849134
0.855494
0.861830
0.868141
0.874427
0.880686
0.886918
0.893122
0.899297
0.905443
0.911558
0.917643
0.923696
0.929717
0.935704
0.941658
0.947578
0.953462
0.959311
0.965123
0.970898
0.976635
0.982333
0.987993
0.993613
0.999192
1.004730
1.010227
1.015681
1.021092
1.026460
1.031783
1.037062
1.042295
1.047483
1.052624
1.057718
1.062764
1.067761
1.072710
1.077609
1.082459
1.087257
1.092005
1.096701
1.101345
1.105935
1.110473
1.114957
1.119386
1.123760
1.128079
1.132342
1.136548
1.140698
1.144789
1.148823
1.152799
1.156715
1.160571
1.164368
1.168104
1.171779
1.175393
1.178945
1.182434
1.185861
1.189224
1.192523
1.195758
1.198928
1.202033
1.205072
1.208046
1.210953
1.213793
1.216565
1.219270
1.221906
1.224474
1.226973
1.229402
1.231762
1.234051
1.236269
1.238417
1.240493
1.242497
1.244429
1.246288
1.248074
1.249787
1.251426
1.252991
1.254482
1.255898
1.257238
1.258503
1.259692
1.260805
1.261842
1.262801
1.263684
1.264489
1.265216
1.265865
1.266435
1.266927
1.267340
1.267673
1.267927
1.268100
1.268194
1.268207
1.268139
1.267991
1.267761
1.267449
1.267056
1.266581
1.266023
1.265383
1.264660
1.263854
1.262965
1.261993
1.260937
1.259797
1.258573
1.257265
1.255873
1.254396
1.252834
1.251187
1.249455
1.247638
1.245735
1.243747
1.241673
1.239513
1.237268
1.234936
1.232518
1.230013
1.227422
1.224745
1.221981
1.219130
1.216193
1.213168
1.210057
1.206859
1.203573
1.200201
1.196741
1.193195
1.189561
1.185840
1.182032
1.178137
1.174155
1.170086
1.165929
1.161686
1.157356
1.152938
1.148434
1.143844
1.139166
1.134402
1.129552
1.124615
1.119593
1.114484
1.109290
1.104009
1.098644
1.093193
1.087657
1.082037
1.076332
1.070542
1.064669
1.058712
1.052671
1.046548
1.040342
1.034053
1.027683
1.021231
1.014698
1.008084
1.001390
0.994616
0.987764
0.980832
0.973823
0.966736
0.959573
0.952333
0.945018
0.937629
0.930165
0.922628
0.915019
0.907339
0.899589
0.891769
0.883880
0.875925
0.867903
0.859816
0.851665
0.843452
0.835179
0.826845
0.818454
0.810006
0.801503
0.792948
0.784342
0.775686
0.766984
0.758237
0.749448
0.740619
0.731753
0.722853
0.713921
0.704960
0.695975
0.686968
0.677943
0.668904
0.659855
0.650801
0.641746
0.632696
0.623655
0.614630
0.605625
0.596649
0.587707
0.578807
0.569956
0.561163
0.552436
0.543786
0.535220
0.526751
0.518389
0.510146
0.502035
0.494069
0.486262
0.478629
0.471185
0.463948
0.456934
0.450162
0.443649
0.437417
0.431484
0.425871
0.420599
0.415690
0.411164
0.407044
0.403350
0.400101
0.397319
0.395022
0.393226
0.391947
0.391199
0.390995
0.391343
0.392250
0.393722
0.395761
0.398367
0.401536
0.405265
0.409545
0.414369
0.419725
0.425600
0.431982
0.438857
0.446207
0.454018
0.462274
0.470957
0.480052
0.489542
0.499411
0.509643
0.520223
0.531136
0.542368
0.553905
0.565733
0.577841
0.590215
0.602846
0.615721
0.628831
0.642165
0.655715
0.669472
0.683428
0.697574
0.711903
0.726409
0.741085
0.755923
0.770920
0.786068
0.801363
0.816800
0.832374
0.848079
0.863913
0.879871
0.895949
0.912143
0.928450
0.944866
0.961389
0.978014
0.994741
1.011564
1.028483
1.045493
1.062593
1.079781
1.097054
1.114410
1.131846
1.149361
1.166953
1.184620
1.202359
1.220170
1.238050
1.255998
1.274012
1.292091
1.310232
1.328435
1.346698
1.365019
1.383397
1.401832
1.420320
1.438862
1.457455
1.476099
1.494792
1.513533
1.532321
1.551154
1.570032
1.588954
1.607917
1.626922
1.645966
1.665050
1.684171
1.703329
1.722523
1.741752
1.761014
1.780308
1.799635
1.818992
1.838379
1.857794
1.877237
1.896707
1.916202
1.935723
1.955267
1.974835
1.994424
2.014034
2.033665
2.053315
2.072983
2.092668
2.112371
2.132088
2.151821
2.171567
2.191327
2.211098
2.230881
2.250674
2.270476
2.290287
2.310106
2.329932
2.349763
2.369600
2.389441
2.409285
2.429132
2.448981
2.468830
2.488679
2.508528
2.528375
2.548219
2.568060
2.587897
2.607729
2.627555
2.647374
2.667185
2.686988
2.706782
2.726566
2.746339
2.766100
2.785849
2.805584
2.825306
2.845012
2.864702
2.884376
2.904032
2.923670
2.943289
2.962888
2.982466
3.002022
3.021557
3.041068
3.060555
3.080018
3.099454
3.118865
3.138248
3.157603
3.176930
3.196227
3.215493
3.234728
3.253932
3.273102
3.292239
3.311342
3.330409
3.349440
3.368435
3.387392
3.406311
3.425191
3.444031
3.462830
3.481588
3.500303
3.518976
3.537604
3.556188
3.574727
3.593220
3.611666
3.630064
3.648414
3.666715
3.684966
3.703166
3.721314
3.739411
3.757454
3.775444
3.793379
3.811259
3.829083
3.846851
3.864561
3.882212
3.899805
3.917338
3.934811
3.952222
3.969572
3.986859
4.004082
4.021242
4.038337
4.055366
4.072329
4.089225
4.106053
4.122813
4.139504
4.156125
4.172676
4.189155
4.205563
4.221898
4.238159
4.254347
4.270459
4.286497
4.302458
4.318343
4.334150
4.349879
4.365530
4.381101
4.396591
4.412001
4.427330
4.442576
4.457740
4.472820
4.487816
4.502728
4.517554
4.532294
4.546948
4.561514
4.575992
4.590382
4.604682
4.618893
4.633013
4.647043
4.660980
4.674826
4.688578
4.702237
4.715802
4.729273
4.742648
4.755927
4.769110
4.782196
4.795184
4.808074
4.820866
4.833558
4.846150
4.858642
4.871032
4.883321
4.895509
4.907593
4.919574
4.931452
4.943225
4.954894
4.966457
4.977915
4.989266
5.000510
5.011647
5.022676
5.033597
5.044408
5.055111
5.065703
5.076186
5.086557
5.096817
5.106966
5.117002
5.126925
5.136735
5.146432
5.156014
5.165483
5.174836
5.184073
5.193195
5.202201
5.211090
5.219862
5.228516
5.237053
5.245471
5.253770
5.261950
5.270011
5.277952
5.285773
5.293472
5.301051
5.308509
5.315845
5.323058
5.330149
5.337117
5.343963
5.350684
5.357282
5.363755
5.370104
5.376329
5.382428
5.388402
5.394249
5.399971
5.405567
5.411036
5.416378
5.421592
5.426680
5.431639
5.436471
5.441174
5.445749
5.450195
5.454512
5.458700
5.462758
5.466687
5.470485
5.474154
5.477692
5.481099
5.484376
5.487522
5.490537
5.493420
5.496172
5.498792
5.501280
5.503636
5.505860
5.507952
5.509911
5.511738
5.513431
5.514992
5.516420
5.517715
5.518876
5.519904
5.520799
5.521560
5.522187
5.522681
5.523040
5.523266
5.523358
5.523316
5.523139
5.522829
5.522384
5.521805
5.521092
5.520244
5.519262
5.518145
5.516895
5.515509
5.513990
5.512336
5.510547
5.508625
5.506567
5.504376
5.502050
5.499590
5.496996
5.494267
5.491404
5.488408
5.485277
5.482012
5.478613
5.475081
5.471415
5.467615
5.463682
5.459615
5.455415
5.451082
5.446616
5.442016
5.437284
5.432420
5.427422
5.422293
5.417031
5.411637
5.406111
5.400453
5.394664
5.388744
5.382692
5.376509
5.370196
5.363752
5.357177
5.350473
5.343638
5.336674
5.329580
5.322357
5.315005
5.307524
5.299915
5.292177
5.284312
5.276319
5.268198
5.259951
5.251576
5.243075
5.234448
5.225694
5.216816
5.207811
5.198682
5.189428
5.180050
5.170548
5.160922
5.151173
5.141301
5.131307
5.121190
5.110951
5.100591
5.090110
5.079508
5.068786
5.057944
5.046983
5.035902
5.024703
5.013385
5.001950
4.990398
4.978728
4.966942
4.955040
4.943022
4.930889
4.918641
4.906280
4.893804
4.881215
4.868514
4.855700
4.842774
4.829737
4.816590
4.803332
4.789964
4.776487
4.762901
4.749207
4.735406
4.721497
4.707482
4.693361
4.679135
4.664803
4.650367
4.635828
4.621185
4.606440
4.591593
4.576644
4.561595
4.546445
4.531196
4.515848
4.500401
4.484857
4.469216
4.453478
4.437644
4.421715
4.405692
4.389574
4.373364
4.357060
4.340665
4.324179
4.307602
4.290935
4.274179
4.257334
4.240402
4.223382
4.206276
4.189085
4.171808
4.154447
4.137003
4.119475
4.101866
4.084175
4.066404
4.048553
4.030622
4.012614
3.994527
3.976364
3.958125
3.939811
3.921422
3.902959
3.884424
3.865816
3.847137
3.828387
3.809568
3.790680
3.771724
3.752700
3.733610
3.714455
3.695234
3.675950
3.656603
3.637193
3.617722
3.598191
3.578600
3.558950
3.539242
3.519477
3.499656
3.479780
3.459850
3.439866
3.419830
3.399741
3.379603
3.359414
3.339177
3.318892
3.298559
3.278181
3.257758
3.237290
3.216779
3.196227
3.175633
3.154998
3.134325
3.113613
3.092863
3.072078
3.051257
3.030402
3.009514
2.988594
2.967642
2.946660
2.925650
2.904611
2.883545
2.862454
2.841337
2.820197
2.799034
2.777850
2.756645
2.735421
2.714179
2.692920
2.671645
2.650356
2.629053
2.607737
2.586410
2.565074
2.543728
2.522375
2.501016
2.479652
2.458284
2.436913
2.415541
2.394169
2.372799
2.351431
2.330067
2.308709
2.287358
2.266015
2.244681
2.223358
2.202048
2.180752
2.159471
2.138207
2.116962
2.095737
2.074533
2.053352
2.032197
2.011068
1.989967
1.968897
1.947857
1.926852
1.905882
1.884949
1.864055
1.843202
1.822392
1.801627
1.780910
1.760241
1.739624
1.719061
1.698553
1.678104
1.657715
1.637390
1.617129
1.596938
1.576817
1.556769
1.536798
1.516906
1.497097
1.477373
1.457738
1.438194
1.418746
1.399397
1.380150
1.361009
1.341979
1.323062
1.304265
1.285589
1.267041
1.248625
1.230345
1.212208
1.194217
1.176378
1.158698
1.141181
1.123835
1.106665
1.089677
1.072880
1.056279
1.039883
1.023698
1.007734
0.991997
0.976498
0.961244
0.946245
0.931510
0.917050
0.902874
0.888993
0.875417
0.862159
0.849228
0.836637
0.824398
0.812522
0.801022
0.789910
0.779198
0.768898
0.759024
0.749586
0.740597
0.732069
0.724012
0.716438
0.709356
0.702777
0.696708
0.691157
0.686132
0.681638
0.677679
0.674260
0.671381
0.669045
0.667249
0.665992
0.665271
0.665081
0.665416
0.666267
0.667627
0.669486
0.671832
0.674655
0.677940
0.681675
0.685846
0.690437
0.695434
0.700820
0.706581
0.712701
0.719163
0.725952
0.733051
0.740446
0.748121
0.756060
0.764250
0.772675
0.781322
0.790176
0.799225
0.808456
0.817856
0.827413
0.837116
0.846954
0.856917
0.866993
0.877173
0.887447
0.897807
0.908245
0.918751
0.929317
0.939937
0.950603
0.961307
0.972044
0.982807
0.993590
1.004387
1.015192
1.026000
1.036807
1.047606
1.058394
1.069166
1.079918
1.090646
1.101345
1.112012
1.122643
1.133234
1.143784
1.154287
1.164742
1.175145
1.185493
1.195783
1.206014
1.216181
1.226284
1.236320
1.246285
1.256179
1.265999
1.275743
1.285408
1.294994
1.304498
1.313919
1.323254
1.332503
1.341663
1.350733
1.359711
1.368597
1.377388
1.386084
1.394682
1.403182
1.411583
1.419883
1.428081
1.436176
1.444167
1.452052
1.459832
1.467504
1.475068
1.482523
1.489868
1.497103
1.504225
1.511235
1.518131
1.524913
1.531581
1.538132
1.544567
1.550886
1.557086
1.563168
1.569131
1.574974
1.580697
1.586299
1.591779
1.597138
1.602374
1.607487
1.612477
1.617343
1.622084
1.626700
1.631191
1.635556
1.639795
1.643908
1.647894
1.651752
1.655483
1.659085
1.662560
1.665906
1.669123
1.672210
1.675169
1.677997
1.680696
1.683265
1.685703
1.688010
1.690187
1.692233
1.694147
1.695930
1.697582
1.699102
1.700490
1.701747
1.702871
1.703864
1.704724
1.705452
1.706048
1.706511
1.706842
1.707041
1.707107
1.707041
1.706842
1.706511
1.706048
1.705452
1.704724
1.703864
1.702871
1.701747
1.700490
1.699102
1.697582
1.695930
1.694147
1.692233
1.690187
1.688010
1.685703
1.683265
1.680696
1.677997
1.675169
1.672210
1.669123
1.665906
1.662560
1.659085
1.655483
1.651752
1.647894
1.643908
1.639795
1.635556
1.631191
1.626700
1.622084
1.617343
1.612477
1.607487
1.602374
1.597138
1.591779
1.586299
1.580697
1.574974
1.569131
1.563168
1.557086
1.550886
1.544567
1.538132
1.531581
1.524913
1.518131
1.511235
1.504225
1.497103
1.489868
1.482523
1.475068
1.467504
1.459832
1.452052
1.444167
1.436176
1.428081
1.419883
1.411583
1.403182
1.394682
1.386084
1.377388
1.368597
1.359711
1.350733
1.341663
1.332503
1.323254
1.313919
1.304498
1.294994
1.285408
1.275743
1.265999
1.256179
1.246285
1.236320
1.226284
1.216181
1.206014
1.195783
1.185493
1.175145
1.164742
1.154287
1.143784
1.133234
1.122643
1.112012
1.101345
1.090646
1.079918
1.069166
1.058394
1.047606
1.036807
1.026000
1.015192
1.004387
0.993590
0.982807
0.972044
0.961307
0.950603
0.939937
0.929317
0.918751
0.908245
0.897807
0.887447
0.877173
0.866993
0.856917
0.846954
0.837116
0.827413
0.817856
0.808456
0.799225
0.790176
0.781322
0.772675
0.764250
0.756060
0.748121
0.740446
0.733051
0.725952
0.719163
0.712701
0.706581
0.700820
0.695434
0.690437
0.685846
0.681675
0.677940
0.674655
0.671832
0.669486
0.667627
0.666267
0.665416
0.665081
0.665271
0.665992
0.667249
0.669045
0.671381
0.674260
0.677679
0.681638
0.686132
0.691157
0.696708
0.702777
0.709356
0.716438
0.724012
0.732069
0.740597
0.749586
0.759024
0.768898
0.779198
0.789910
0.801022
0.812522
0.824398
0.836637
0.849228
0.862159
0.875417
0.888993
0.902874
0.917050
0.931510
0.946245
0.961244
0.976498
0.991997
1.007734
1.023698
1.039883
1.056279
1.072880
1.089677
1.106665
1.123835
1.141181
1.158698
1.176378
1.194217
1.212208
1.230345
1.248625
1.267041
1.285589
1.304265
1.323062
1.341979
1.361009
1.380150
1.399397
1.418746
1.438194
1.457738
1.477373
1.497097
1.516906
1.536798
1.556769
1.576817
1.596938
1.617129
1.637390
1.657715
1.678104
1.698553
1.719061
1.739624
1.760241
1.780910
1.801627
1.822392
1.843202
1.864055
1.884949
1.905882
1.926852
1.947857
1.968897
1.989967
2.011068
2.032197
2.053352
2.074533
2.095737
2.116962
2.138207
2.159471
2.180752
2.202048
2.223358
2.244681
2.266015
2.287358
2.308709
2.330067
2.351431
2.372799
2.394169
2.415541
2.436913
2.458284
2.479652
2.501016
2.522375
2.543728
2.565074
2.586410
2.607737
2.629053
2.650356
2.671645
2.692920
2.714179
2.735421
2.756645
2.777850
2.799034
2.820197
2.841337
2.862454
2.883545
2.904611
2.925650
2.946660
2.967642
2.988594
3.009514
3.030402
3.051257
3.072078
3.092863
3.113613
3.134325
3.154998
3.175633
3.196227
3.216779
3.237290
3.257758
3.278181
3.298559
3.318892
3.339177
3.359414
3.379603
3.399741
3.419830
3.439866
3.459850
3.479780
3.499656
3.519477
3.539242
3.558950
3.578600
3.598191
3.617722
3.637193
3.656603
3.675950
3.695234
3.714455
3.733610
3.752700
3.771724
3.790680
3.809568
3.828387
3.847137
3.865816
3.884424
3.902959
3.921422
3.939811
3.958125
3.976364
3.994527
4.012614
4.030622
4.048553
4.066404
4.084175
4.101866
4.119475
4.137003
4.154447
4.171808
4.189085
4.206276
4.223382
4.240402
4.257334
4.274179
4.290935
4.307602
4.324179
4.340665
4.357060
4.373364
4.389574
4.405692
4.421715
4.437644
4.453478
4.469216
4.484857
4.500401
4.515848
4.531196
4.546445
4.561595
4.576644
4.591593
4.606440
4.621185
4.635828
4.650367
4.664803
4.679135
4.693361
4.707482
4.721497
4.735406
4.749207
4.762901
4.776487
4.789964
4.803332
4.816590
4.829737
4.842774
4.855700
4.868514
4.881215
4.893804
4.906280
4.918641
4.930889
4.943022
4.955040
4.966942
4.978728
4.990398
5.001950
5.013385
5.024703
5.035902
5.046983
5.057944
5.068786
5.079508
5.090110
5.100591
5.110951
5.121190
5.131307
5.141301
5.151173
5.160922
5.170548
5.180050
5.189428
5.198682
5.207811
5.216816
5.225694
5.234448
5.243075
5.251576
5.259951
5.268198
5.276319
5.284312
5.292177
5.299915
5.307524
5.315005
5.322357
5.329580
5.336674
5.343638
5.350473
5.357177
5.363752
5.370196
5.376509
5.382692
5.388744
5.394664
5.400453
5.406111
5.411637
5.417031
5.422293
5.427422
5.432420
5.437284
5.442016
5.446616
5.451082
5.455415
5.459615
5.463682
5.467615
5.471415
5.475081
5.478613
5.482012
5.485277
5.488408
5.491404
5.494267
5.496996
5.499590
5.502050
5.504376
5.506567
5.508625
5.510547
5.512336
5.513990
5.515509
5.516895
5.518145
5.519262
5.520244
5.521092
5.521805
5.522384
5.522829
5.523139
5.523316
5.523358
5.523266
5.523040
5.522681
5.522187
5.521560
5.520799
5.519904
5.518876
5.517715
5.516420
5.514992
5.513431
5.511738
5.509911
5.507952
5.505860
5.503636
5.501280
5.498792
5.496172
5.493420
5.490537
5.487522
5.484376
5.481099
5.477692
5.474154
5.470485
5.466687
5.462758
5.458700
5.454512
5.450195
5.445749
5.441174
5.436471
5.431639
5.426680
5.421592
5.416378
5.411036
5.405567
5.399971
5.394249
5.388402
5.382428
5.376329
5.370104
5.363755
5.357282
5.350684
5.343963
5.337117
5.330149
5.323058
5.315845
5.308509
5.301051
5.293472
5.285773
5.277952
5.270011
5.261950
5.253770
5.245471
5.237053
5.228516
5.219862
5.211090
5.202201
5.193195
5.184073
5.174836
5.165483
5.156014
5.146432
5.136735
5.126925
5.117002
5.106966
5.096817
5.086557
5.076186
5.065703
5.055111
5.044408
5.033597
5.022676
5.011647
5.000510
4.989266
4.977915
4.966457
4.954894
4.943225
4.931452
4.919574
4.907593
4.895509
4.883321
4.871032
4.858642
4.846150
4.833558
4.820866
4.808074
4.795184
4.782196
4.769110
4.755927
4.742648
4.729273
4.715802
4.702237
4.688578
4.674826
4.660980
4.647043
4.633013
4.618893
4.604682
4.590382
4.575992
4.561514
4.546948
4.532294
4.517554
4.502728
4.487816
4.472820
4.457740
4.442576
4.427330
4.412001
4.396591
4.381101
4.365530
4.349879
4.334150
4.318343
4.302458
4.286497
4.270459
4.254347
4.238159
4.221898
4.205563
4.189155
4.172676
4.156125
4.139504
4.122813
4.106053
4.089225
4.072329
4.055366
4.038337
4.021242
4.004082
3.986859
3.969572
3.952222
3.934811
3.917338
3.899805
3.882212
3.864561
3.846851
3.829083
3.811259
3.793379
3.775444
3.757454
3.739411
3.721314
3.703166
3.684966
3.666715
3.648414
3.630064
3.611666
3.593220
3.574727
3.556188
3.537604
3.518976
3.500303
3.481588
3.462830
3.444031
3.425191
3.406311
3.387392
3.368435
3.349440
3.330409
3.311342
3.292239
3.273102
3.253932
3.234728
3.215493
3.196227
3.176930
3.157603
3.138248
3.118865
3.099454
3.080018
3.060555
3.041068
3.021557
3.002022
2.982466
2.962888
2.943289
2.923670
2.904032
2.884376
2.864702
2.845012
2.825306
2.805584
2.785849
2.766100
2.746339
2.726566
2.706782
2.686988
2.667185
2.647374
2.627555
2.607729
2.587897
2.568060
2.548219
2.528375
2.508528
2.488679
2.468830
2.448981
2.429132
2.409285
2.389441
2.369600
2.349763
2.329932
2.310106
2.290287
2.270476
2.250674
2.230881
2.211098
2.191327
2.171567
2.151821
2.132088
2.112371
2.092668
2.072983
2.053315
2.033665
2.014034
1.994424
1.974835
1.955267
1.935723
1.916202
1.896707
1.877237
1.857794
1.838379
1.818992
1.799635
1.780308
1.761014
1.741752
1.722523
1.703329
1.684171
1.665050
1.645966
1.626922
1.607917
1.588954
1.570032
1.551154
1.532321
1.513533
1.494792
1.476099
1.457455
1.438862
1.420320
1.401832
1.383397
1.365019
1.346698
1.328435
1.310232
1.292091
1.274012
1.255998
1.238050
1.220170
1.202359
1.184620
1.166953
1.149361
1.131846
1.114410
1.097054
1.079781
1.062593
1.045493
1.028483
1.011564
0.994741
0.978014
0.961389
0.944866
0.928450
0.912143
0.895949
0.879871
0.863913
0.848079
0.832374
0.816800
0.801363
0.786068
0.770920
0.755923
0.741085
0.726409
0.711903
0.697574
0.683428
0.669472
0.655715
0.642165
0.628831
0.615721
0.602846
0.590215
0.577841
0.565733
0.553905
0.542368
0.531136
0.520223
0.509643
0.499411
0.489542
0.480052
0.470957
0.462274
0.454018
0.446207
0.438857
0.431982
0.425600
0.419725
0.414369
0.409545
0.405265
0.401536
0.398367
0.395761
0.393722
0.392250
0.391343
0.390995
0.391199
0.391947
0.393226
0.395022
0.397319
0.400101
0.403350
0.407044
0.411164
0.415690
0.420599
0.425871
0.431484
0.437417
0.443649
0.450162
0.456934
0.463948
0.471185
0.478629
0.486262
0.494069
0.502035
0.510146
0.518389
0.526751
0.535220
0.543786
0.552436
0.561163
0.569956
0.578807
0.587707
0.596649
0.605625
0.614630
0.623655
0.632696
0.641746
0.650801
0.659855
0.668904
0.677943
0.686968
0.695975
0.704960
0.713921
0.722853
0.731753
0.740619
0.749448
0.758237
0.766984
0.775686
0.784342
0.792948
0.801503
0.810006
0.818454
0.826845
0.835179
0.843452
0.851665
0.859816
0.867903
0.875925
0.883880
0.891769
0.899589
0.907339
0.915019
0.922628
0.930165
0.937629
0.945018
0.952333
0.959573
0.966736
0.973823
0.980832
0.987764
0.994616
1.001390
1.008084
1.014698
1.021231
1.027683
1.034053
1.040342
1.046548
1.052671
1.058712
1.064669
1.070542
1.076332
1.082037
1.087657
1.093193
1.098644
1.104009
1.109290
1.114484
1.119593
1.124615
1.129552
1.134402
1.139166
1.143844
1.148434
1.152938
1.157356
1.161686
1.165929
1.170086
1.174155
1.178137
1.182032
1.185840
1.189561
1.193195
1.196741
1.200201
1.203573
1.206859
1.210057
1.213168
1.216193
1.219130
1.221981
1.224745
1.227422
1.230013
1.232518
1.234936
1.237268
1.239513
1.241673
1.243747
1.245735
1.247638
1.249455
1.251187
1.252834
1.254396
1.255873
1.257265
1.258573
1.259797
1.260937
1.261993
1.262965
1.263854
1.264660
1.265383
1.266023
1.266581
1.267056
1.267449
1.267761
1.267991
1.268139
1.268207
1.268194
1.268100
1.267927
1.267673
1.267340
1.266927
1.266435
1.265865
1.265216
1.264489
1.263684
1.262801
1.261842
1.260805
1.259692
1.258503
1.257238
1.255898
1.254482
1.252991
1.251426
1.249787
1.248074
1.246288
1.244429
1.242497
1.240493
1.238417
1.236269
1.234051
1.231762
1.229402
1.226973
1.224474
1.221906
1.219270
1.216565
1.213793
1.210953
1.208046
1.205072
1.202033
1.198928
1.195758
1.192523
1.189224
1.185861
1.182434
1.178945
1.175393
1.171779
1.168104
1.164368
1.160571
1.156715
1.152799
1.148823
1.144789
1.140698
1.136548
1.132342
1.128079
1.123760
1.119386
1.114957
1.110473
1.105935
1.101345
1.096701
1.092005
1.087257
1.082459
1.077609
1.072710
1.067761
1.062764
1.057718
1.052624
1.047483
1.042295
1.037062
1.031783
1.026460
1.021092
1.015681
1.010227
1.004730
0.999192
0.993613
0.987993
0.982333
0.976635
0.970898
0.965123
0.959311
0.953462
0.947578
0.941658
0.935704
0.929717
0.923696
0.917643
0.911558
0.905443
0.899297
0.893122
0.886918
0.880686
0.874427
0.868141
0.861830
0.855494
0.849134
0.842751
0.836346
0.829918
0.823470
0.817002
0.810515
0.804010
0.797488
0.790949
0.784395
0.777826
0.771243
0.764648
0.758041
0.751423
0.744796
0.738160
0.731516
0.724866
0.718210
0.711549
0.704885
0.698219
0.691552
0.684885
0.678219
0.671556
0.664897
0.658243
0.651595
0.644955
0.638324
0.631703
0.625095
0.618500
0.611920
0.605356
0.598810
0.592284
0.585780
0.579299
0.572842
0.566412
0.560011
0.553640
0.547301
0.540997
0.534730
0.528501
0.522313
0.516168
0.510068
0.504016
0.498015
0.492066
0.486173
0.480338
0.474563
0.468853
0.463209
0.457634
0.452132
0.446706
0.441359
0.436095
0.430916
0.425826
0.420829
0.415928
0.411127
0.406429
0.401839
0.397360
0.392997
0.388752
0.384630
0.380635
0.376770
0.373041
0.369449
0.366000
0.362697
0.359544
0.356544
0.353701
0.351018
0.348498
0.346145
0.343960
0.341948
0.340109
0.338446
0.336961
0.335656
0.334531
0.333587
0.332825
0.332245
0.331848
0.331631
0.331596
0.331740
0.332063
0.332561
0.333234
0.334078
0.335092
0.336272
0.337615
0.339117
0.340776
0.342586
0.344545
0.346647
0.348890
0.351268
0.353778
0.356414
0.359173
0.362049
0.365039
0.368138
0.371341
0.374645
0.378043
0.381534
0.385111
0.388771
0.392511
0.396325
0.400210
0.404162
0.408177
0.412253
0.416384
0.420569
0.424802
0.429083
0.433406
0.437769
0.442169
0.446604
0.451070
0.455565
0.460086
0.464631
0.469197
0.473783
0.478385
0.483002
0.487631
0.492270
0.496918
0.501573
0.506233
0.510895
0.515559
0.520222
0.524883
0.529541
0.534194
0.538840
0.543478
0.548107
0.552726
0.557333
0.561927
0.566506
0.571070
0.575618
0.580148
0.584660
0.589151
0.593623
0.598072
0.602500
0.606903
0.611283
0.615638
0.619966
0.624268
0.628542
0.632789
0.637006
0.641193
0.645351
0.649477
0.653571
0.657634
0.661663
0.665659
0.669621
0.673548
0.677440
0.681296
0.685116
0.688899
0.692645
0.696354
0.700024
0.703655
0.707248
0.710801
0.714314
0.717787
0.721219
0.724610
0.727959
0.731267
0.734532
0.737755
0.740936
0.744073
0.747166
0.750216
0.753222
0.756183
0.759100
0.761972
0.764798
0.767580
0.770315
0.773005
0.775648
0.778246
0.780796
0.783300
0.785757
0.788167
0.790529
0.792844
0.795111
0.797330
0.799501
0.801624
0.803698
0.805724
0.807701
0.809630
0.811510
0.813340
0.815122
0.816854
0.818537
0.820171
0.821755
0.823289
0.824774
0.826209
0.827594
0.828929
0.830214
0.831450
0.832635
0.833770
0.834855
0.835890
0.836874
0.837809
0.838693
0.839527
0.840310
0.841043
0.841727
0.842359
0.842942
0.843474
0.843956
0.844388
0.844770
0.845102
0.845383
0.845615
0.845796
0.845928
0.846009
0.846041
0.846023
0.845956
0.845838
0.845672
0.845455
0.845190
0.844875
0.844511
0.844098
0.843636
0.843125
0.842565
0.841956
0.841299
0.840594
0.839840
0.839039
0.838189
0.837291
0.836346
0.835353
0.834313
0.833226
0.832091
0.830910
0.829681
0.828407
0.827086
0.825718
0.824305
0.822846
0.821341
0.819791
0.818195
0.816555
0.814870
0.813140
0.811366
0.809548
0.807685
0.805780
0.803830
0.801838
0.799802
0.797724
0.795604
0.793441
0.791237
0.788990
0.786703
0.784374
0.782005
0.779595
0.777144
0.774654
0.772125
0.769555
0.766947
0.764300
0.761615
0.758892
0.756131
0.753332
0.750497
0.747624
0.744716
0.741771
0.738791
0.735775
0.732724
0.729639
0.726520
0.723366
0.720180
0.716960
0.713708
0.710423
0.707107
0.703759
0.700380
0.696971
0.693531
0.690062
0.686564
0.683037
0.679481
0.675898
0.672287
0.668650
0.664986
0.661296
0.657581
0.653840
0.650076
0.646287
0.642476
0.638641
0.634784
0.630906
0.627006
0.623086
0.619146
0.615187
0.611209
0.607212
0.603199
0.599168
0.595121
0.591059
0.586982
0.582891
0.578786
0.574668
0.570539
0.566398
0.562246
0.558085
0.553915
0.549736
0.545550
0.541358
0.537159
0.532956
0.528749
0.524539
0.520326
0.516113
0.511899
0.507685
0.503474
0.499265
0.495059
0.490859
0.486664
0.482477
0.478297
0.474127
0.469968
0.465820
0.461685
0.457564
0.453459
0.449371
0.445301
0.441250
0.437221
0.433214
0.429232
0.425275
0.421345
0.417443
0.413573
0.409734
0.405929
0.402159
0.398427
0.394734
0.391082
0.387473
0.383908
0.380391
0.376922
0.373504
0.370139
0.366829
0.363576
0.360382
0.357249
0.354180
0.351177
0.348242
0.345377
0.342585
0.339867
0.337226
0.334665
0.332185
0.329788
0.327478
0.325255
0.323122
0.321082
0.319135
0.317285
0.315532
0.313879
0.312327
0.310879
0.309534
0.308296
0.307165
0.306142
0.305229
0.304426
0.303734
0.303153
0.302685
0.302329
0.302086
0.301955
0.301937
0.302031
0.302237
0.302554
0.302982
0.303519
0.304164
0.304917
0.305775
0.306738
0.307805
0.308972
0.310240
0.311605
0.313066
0.314620
0.316267
0.318003
0.319827
0.321735
0.323727
0.325799
0.327950
0.330177
0.332477
0.334848
0.337288
0.339794
0.342365
0.344997
0.347688
0.350437
0.353241
0.356097
0.359003
0.361957
0.364958
0.368002
0.371088
0.374214
0.377378
0.380577
0.383811
0.387076
0.390371
0.393695
0.397045
0.400420
0.403819
0.407238
0.410678
0.414136
0.417611
0.421102
0.424606
0.428123
0.431651
0.435189
0.438736
0.442290
0.445849
0.449414
0.452982
0.456553
0.460125
0.463698
0.467269
0.470839
0.474407
0.477970
0.481529
0.485082
0.488628
0.492167
0.495698
0.499220
0.502732
0.506233
0.509722
0.513199
0.516663
0.520113
0.523549
0.526970
0.530374
0.533763
0.537134
0.540487
0.543822
0.547138
0.550434
0.553710
0.556965
0.560200
0.563412
0.566602
0.569769
0.572913
0.576032
0.579128
0.582199
0.585244
0.588264
0.591258
0.594225
0.597165
0.600077
0.602962
0.605819
0.608647
0.611446
0.614216
0.616956
0.619666
0.622346
0.624995
0.627612
0.630199
0.632754
0.635276
0.637767
0.640225
0.642649
0.645041
0.647399
0.649724
0.652014
0.654271
0.656492
0.658680
0.660832
0.662948
0.665030
0.667075
0.669085
0.671059
0.672996
0.674897
0.676761
0.678588
0.680379
0.682131
0.683847
0.685525
0.687165
0.688767
0.690331
0.691857
0.693344
0.694793
0.696203
0.697574
0.698907
0.700200
0.701454
0.702669
0.703845
0.704981
0.706077
0.707134
0.708151
0.709128
0.710065
0.710962
0.711819
0.712635
0.713412
0.714148
0.714844
0.715499
0.716114
0.716688
0.717222
0.717715
0.718168
0.718579
0.718951
0.719281
0.719571
0.719820
0.720028
0.720196
0.720322
0.720408
0.720454
0.720458
0.720422
0.720345
0.720227
0.720069
0.719870
0.719631
0.719351
0.719031
0.718670
0.718268
0.717827
0.717345
0.716823
0.716260
0.715658
0.715016
0.714333
0.713611
0.712849
0.712048
0.711207
0.710326
0.709406
0.708447
0.707448
0.706411
0.705334
0.704219
0.703065
0.701873
0.700642
0.699373
0.698066
0.696721
0.695338
0.693917
0.692459
0.690963
0.689431
0.687861
0.686255
0.684612
0.682932
0.681216
0.679464
0.677677
0.675853
0.673994
0.672100
0.670171
0.668207
0.666208
0.664176
0.662109
0.660008
0.657873
0.655706
0.653505
0.651271
0.649004
0.646706
0.644375
0.642013
0.639619
0.637193
0.634737
0.632251
0.629734
0.627187
0.624611
0.622005
0.619370
0.616707
0.614016
0.611296
0.608549
0.605775
0.602973
0.600146
0.597292
0.594413
0.591508
0.588578
0.585624
0.582646
0.579644
0.576620
0.573572
0.570502
0.567410
0.564297
0.561163
0.558009
0.554834
0.551641
0.548428
0.545197
0.541949
0.538683
0.535400
0.532102
0.528787
0.525458
0.522114
0.518757
0.515387
0.512004
0.508609
0.505203
0.501787
0.498361
0.494926
0.491482
0.488032
0.484574
0.481110
0.477641
0.474168
0.470690
0.467211
0.463729
0.460246
0.456764
0.453282
0.449802
0.446324
0.442851
0.439382
0.435919
0.432462
0.429014
0.425575
0.422146
0.418729
0.415324
0.411932
0.408556
0.405196
0.401854
0.398531
0.395228
0.391947
0.388688
0.385455
0.382247
0.379067
0.375917
0.372797
0.369709
0.366655
0.363637
0.360656
0.357714
0.354813
0.351955
0.349141
0.346373
0.343653
0.340983
0.338365
0.335801
0.333293
0.330842
0.328450
0.326120
0.323854
0.321653
0.319519
0.317454
0.315461
0.313541
0.311695
0.309926
0.308236
0.306626
0.305098
0.303653
0.302294
0.301021
0.299836
0.298741
0.297736
0.296824
0.296004
0.295279
0.294648
0.294114
0.293675
0.293333
0.293089
0.292942
0.292893
