1.000000
0.996918
0.987690
0.972374
0.951063
0.923889
0.891020
0.852658
0.809039
0.760432
0.707137
0.649481
0.587821
0.522536
0.454028
0.382720
0.309050
0.233474
0.156456
0.078471
0.000000
0.078474
0.156467
0.233498
0.309092
0.382785
0.454120
0.522660
0.587980
0.649679
0.707376
0.760715
0.809368
0.853033
0.891443
0.924359
0.951579
0.972934
0.988292
0.997560
1.000678
0.997627
0.988426
0.973132
0.951837
0.924672
0.891805
0.853438
0.809807
0.761180
0.707856
0.650164
0.588459
0.523121
0.454552
0.383174
0.309428
0.233767
0.156658
0.078575
0.000000
0.078583
0.156689
0.233838
0.309554
0.383369
0.454829
0.523493
0.588938
0.650760
0.708577
0.762032
0.810796
0.854568
0.893077
0.926085
0.953388
0.974817
0.990239
0.999558
1.002717
0.999694
0.990508
0.975214
0.953906
0.926714
0.893805
0.855381
0.811678
0.762964
0.709540
0.651733
0.589899
0.524419
0.455695
0.384151
0.310227
0.234379
0.157073
0.078786
0.000000
0.078799
0.157126
0.234498
0.310438
0.384478
0.456160
0.525043
0.590702
0.652731
0.710747
0.764392
0.813335
0.857274
0.895935
0.929080
0.956504
0.978037
0.993544
1.002929
1.006132
1.003134
0.993950
0.978637
0.957287
0.930030
0.897034
0.858501
0.814666
0.765800
0.712201
0.654200
0.592152
0.526440
0.457467
0.385658
0.311455
0.235315
0.157706
0.079106
0.000000
0.079125
0.157781
0.235483
0.311753
0.386119
0.458124
0.527321
0.593285
0.655608
0.713905
0.767815
0.817006
0.861172
0.900040
0.933370
0.960954
0.982620
0.998235
1.007699
1.010953
1.007975
0.998781
0.983428
0.962007
0.934648
0.901520
0.862824
0.818797
0.769709
0.715862
0.657585
0.595237
0.529201
0.459883
0.387708
0.313122
0.236582
0.158560
0.079538
0.000000
0.079562
0.158658
0.236801
0.313509
0.388307
0.460736
0.530346
0.596710
0.659416
0.718076
0.772329
0.821837
0.866295
0.905426
0.938988
0.966772
0.988605
1.004349
1.013907
1.017217
1.014256
1.005041
0.989626
0.968104
0.940605
0.907298
0.868384
0.824103
0.774725
0.720552
0.661917
0.599180
0.532725
0.462961
0.390317
0.315240
0.238191
0.159645
0.080084
0.000000
0.080115
0.159766
0.238463
0.315719
0.391059
0.464018
0.534143
0.601003
0.664184
0.723295
0.777969
0.827869
0.872684
0.912137
0.945981
0.974007
0.996039
1.011938
1.021605
1.024977
1.022030
1.012781
0.997283
0.975629
0.947951
0.914416
0.875229
0.830629
0.780888
0.726310
0.667231
0.604011
0.537040
0.466728
0.393508
0.317828
0.240155
0.160967
0.080750
0.000000
0.080787
0.161113
0.240482
0.318404
0.394399
0.467997
0.538744
0.606202
0.669954
0.729605
0.784785
0.835152
0.880394
0.920229
0.954408
0.982720
1.004986
1.021065
1.030857
1.034297
1.031362
1.022066
1.006463
0.984646
0.956747
0.922936
0.883416
0.838429
0.788250
0.733185
0.673571
0.609774
0.542184
0.471216
0.397306
0.320908
0.242491
0.162539
0.081542
0.000000
0.081585
0.162710
0.242875
0.321585
0.398355
0.472709
0.544188
0.612351
0.676774
0.737060
0.792834
0.843749
0.889490
0.929772
0.964342
0.992986
1.015522
1.031810
1.041744
1.045260
1.042333
1.032977
1.017246
0.995233
0.967071
0.932930
0.893016
0.847573
0.796877
0.741237
0.680995
0.616518
0.548201
0.476464
0.401746
0.324507
0.245220
0.164374
0.082466
0.000000
0.082516
0.164573
0.245665
0.325291
0.402961
0.478193
0.550523
0.619503
0.684706
0.745727
0.802188
0.853737
0.900054
0.940851
0.975871
1.004896
1.027743
1.044267
1.054362
1.057962
1.055041
1.045611
1.029728
1.007485
0.979015
0.944489
0.904116
0.858142
0.806845
0.750539
0.689568
0.624304
0.555146
0.482519
0.406868
0.328657
0.248366
0.166490
0.083531
0.000000
0.083588
0.166717
0.248876
0.329556
0.408260
0.484502
0.557808
0.627726
0.693822
0.755685
0.812933
0.865207
0.912183
0.953568
0.989102
1.018561
1.041761
1.058553
1.068829
1.072522
1.069603
1.060087
1.044026
1.021516
0.992689
0.957720
0.916819
0.870234
0.818248
0.761178
0.699371
0.633205
0.563084
0.489439
0.412720
0.333397
0.251959
0.168905
0.084746
0.000000
0.084811
0.169164
0.252538
0.334420
0.414303
0.491693
0.566111
0.637096
0.704208
0.767030
0.825171
0.878269
0.925993
0.968045
1.004160
1.034111
1.057710
1.074804
1.085284
1.089079
1.086161
1.076543
1.060278
1.037461
1.008227
0.972752
0.931249
0.883968
0.831197
0.773256
0.710499
0.643308
0.572093
0.497290
0.419358
0.338775
0.256034
0.171644
0.086124
0.000000
0.086197
0.171937
0.256689
0.339931
0.421149
0.499839
0.575515
0.647708
0.715968
0.779873
0.839024
0.893053
0.941622
0.984426
1.021197
1.051703
1.075750
1.093184
1.103892
1.107801
1.104882
1.095146
1.078648
1.055482
1.025786
0.989737
0.947551
0.899483
0.845823
0.786898
0.723066
0.654715
0.582264
0.506154
0.426852
0.344844
0.260632
0.174735
0.087679
0.000000
0.087761
0.175064
0.261370
0.346147
0.428869
0.509025
0.586118
0.659671
0.729225
0.794350
0.854638
0.909714
0.959233
1.002884
1.040393
1.071521
1.096072
1.113887
1.124849
1.128885
1.125963
1.116093
1.099330
1.075771
1.045553
1.008856
0.965900
0.916944
0.862284
0.802249
0.737207
0.667551
0.593707
0.516126
0.435282
0.351671
0.265805
0.178211
0.089427
0.000000
0.089520
0.178581
0.266634
0.353134
0.437547
0.519350
0.598036
0.673117
0.744125
0.810619
0.872185
0.928436
0.979022
1.023623
1.061959
1.093786
1.118901
1.137143
1.148391
1.152567
1.149640
1.139619
1.122558
1.098555
1.067750
1.030325
0.986504
0.936550
0.880764
0.819484
0.753082
0.681960
0.606552
0.527319
0.444745
0.359334
0.271610
0.182112
0.091390
0.000000
0.091494
0.182528
0.272540
0.360975
0.447285
0.530935
0.611408
0.688202
0.760841
0.828871
0.891869
0.949439
1.001220
1.046887
1.086150
1.118760
1.144508
1.163228
1.174794
1.179129
1.176195
1.166004
1.148608
1.124107
1.092642
1.054400
1.009609
0.958535
0.901488
0.838810
0.770882
0.698117
0.620956
0.539870
0.455354
0.367926
0.278120
0.186487
0.093590
0.000000
0.093707
0.186952
0.279162
0.369765
0.458202
0.543923
0.626398
0.705114
0.779581
0.849333
0.913936
0.972984
1.026106
1.072967
1.113270
1.146757
1.173215
1.192470
1.204394
1.208905
1.205965
1.195582
1.177811
1.152751
1.120548
1.081391
1.035511
0.983183
0.924720
0.860476
0.790839
0.716230
0.637104
0.553941
0.467249
0.377558
0.285417
0.191391
0.096057
0.000000
0.096188
0.191913
0.286586
0.379621
0.470442
0.558487
0.643208
0.724078
0.800594
0.872278
0.938682
0.999387
1.054013
1.102214
1.143683
1.178155
1.205409
1.225266
1.237592
1.242302
1.239355
1.228758
1.210567
1.184882
1.151851
1.111666
1.064567
1.010832
0.950783
0.884783
0.813228
0.736552
0.655220
0.569728
0.480595
0.388366
0.293606
0.196894
0.098825
0.000000
0.098972
0.197481
0.294919
0.390683
0.484181
0.574833
0.662075
0.745365
0.824183
0.898037
0.966462
1.029030
1.085345
1.135051
1.177832
1.213412
1.241561
1.262094
1.274874
1.279808
1.276855
1.266020
1.247359
1.220973
1.187013
1.145678
1.097209
1.041895
0.980066
0.912093
0.838385
0.759388
0.675580
0.587470
0.495594
0.400514
0.302810
0.203080
0.101937
0.000000
0.102102
0.203740
0.304287
0.403121
0.499630
0.593216
0.683295
0.769307
0.850715
0.927010
0.997712
1.062377
1.120595
1.171997
1.216255
1.253083
1.282243
1.303541
1.316833
1.322023
1.319066
1.307966
1.288777
1.261605
1.226603
1.183974
1.133966
1.076877
1.013045
0.942853
0.866722
0.785111
0.698515
0.607458
0.512494
0.414202
0.313182
0.210052
0.105444
0.000000
0.105630
0.210797
0.314850
0.417146
0.517051
0.613945
0.707225
0.796309
0.880642
0.959693
1.032966
1.100000
1.160368
1.213687
1.259616
1.297857
1.328160
1.350325
1.364200
1.369683
1.366725
1.355330
1.335551
1.307495
1.271320
1.227233
1.175491
1.116399
1.050308
0.977611
0.898746
0.814185
0.724440
0.630054
0.531601
0.429679
0.324910
0.217936
0.109410
0.000000
0.109622
0.218780
0.326800
0.433015
0.536765
0.637406
0.734311
0.826877
0.914522
0.996698
1.072887
1.142607
1.205415
1.260911
1.308737
1.348584
1.380190
1.403343
1.417883
1.423705
1.420753
1.409028
1.388586
1.359534
1.322034
1.276299
1.222596
1.161238
1.092588
1.017055
0.935090
0.847185
0.753869
0.655708
0.553295
0.447254
0.338230
0.226891
0.113916
0.000000
0.114157
0.227852
0.340383
0.451053
0.559177
0.664081
0.765113
0.861641
0.953060
1.038796
1.118307
1.191090
1.256682
1.314662
1.364656
1.406338
1.439434
1.463721
1.479028
1.485243
1.482306
1.470215
1.449025
1.418846
1.379844
1.332240
1.276307
1.212373
1.140813
1.062050
0.976556
0.884840
0.787456
0.684989
0.578061
0.467320
0.353441
0.237118
0.119063
0.000000
0.119339
0.238220
0.355908
0.471674
0.584801
0.694585
0.800341
0.901407
0.997149
1.086965
1.170286
1.246584
1.315370
1.376204
1.428690
1.472486
1.507300
1.532896
1.549094
1.555771
1.552863
1.540365
1.518329
1.486870
1.446157
1.396418
1.337939
1.271058
1.196167
1.113707
1.024169
0.928086
0.826035
0.718629
0.606519
0.490382
0.370925
0.248876
0.124982
0.000000
0.125301
0.250149
0.373773
0.495408
0.614300
0.729707
0.840909
0.947211
1.047942
1.142469
1.230192
1.310552
1.383035
1.447173
1.502548
1.548796
1.585608
1.612731
1.629972
1.637200
1.634342
1.621389
1.598393
1.565470
1.522796
1.470607
1.409198
1.338925
1.260195
1.173471
1.079266
0.978140
0.870697
0.757583
0.639478
0.517097
0.391184
0.262504
0.131842
0.000000
0.132214
0.263985
0.394501
0.522951
0.648540
0.770484
0.888020
1.000413
1.106954
1.206969
1.299823
1.384923
1.461722
1.529721
1.588477
1.637599
1.676757
1.705680
1.724159
1.732051
1.729274
1.715814
1.691723
1.657117
1.612177
1.557151
1.492347
1.418135
1.334944
1.243260
1.143621
1.036619
0.922891
0.803116
0.678015
0.548342
0.414884
0.278450
0.139873
0.000000
0.140310
0.280194
0.418787
0.555232
0.688681
0.818301
0.943282
1.062837
1.176212
1.282690
1.381591
1.472281
1.554175
1.626739
1.689497
1.742028
1.783976
1.815048
1.835016
1.843721
1.841073
1.827049
1.801699
1.765142
1.717565
1.659224
1.590444
1.511614
1.423185
1.325670
1.219639
1.105718
0.984581
0.856951
0.723592
0.585307
0.442931
0.297327
0.149382
0.000000
0.149903
0.299406
0.447585
0.593522
0.736309
0.875056
1.008893
1.136977
1.258498
1.372684
1.478805
1.576177
1.664168
1.742203
1.809764
1.866397
1.911713
1.945390
1.967180
1.976902
1.974454
1.959806
1.933001
1.894160
1.843478
1.781223
1.707734
1.623423
1.528768
1.424313
1.310665
1.188490
1.058507
0.921488
0.778251
0.629654
0.476592
0.319991
0.160804
0.000000
0.161435
0.322509
0.482228
0.639602
0.793652
0.943415
1.087950
1.226348
1.357728
1.481255
1.596133
1.701622
1.797032
1.881733
1.955161
2.016817
2.066271
2.103170
2.127232
2.138257
2.136123
2.120787
2.092288
2.050747
1.996365
1.929422
1.850278
1.759367
1.657200
1.544359
1.421492
1.289313
1.148597
1.000174
0.844924
0.683774
0.517691
0.347677
0.174763
0.000000
0.175542
0.350786
0.524650
0.696056
0.863939
1.027246
1.184951
1.336057
1.479603
1.614669
1.740385
1.855932
1.960552
2.053548
2.134295
2.202236
2.256894
2.297868
2.324842
2.337583
2.335944
2.319867
2.289382
2.244607
2.185749
2.113102
2.027047
1.928048
1.816652
1.693483
1.559243
1.414704
1.260704
1.098146
0.927987
0.751239
0.568955
0.382231
0.192195
0.000000
0.193181
0.386163
0.577757
0.766775
0.952039
1.132390
1.306689
1.473834
1.632755
1.782430
1.921890
2.050220
2.166571
2.270161
2.360283
2.436311
2.497699
2.543988
2.574812
2.589896
2.589059
2.572219
2.539390
2.490686
2.426316
2.346590
2.251911
2.142777
2.019778
1.883593
1.734983
1.574792
1.403940
1.223416
1.034275
0.837631
0.634651
0.426547
0.214569
0.000000
0.215856
0.431677
0.646135
0.857900
1.065655
1.268094
1.463940
1.651947
1.830908
1.999667
2.157121
2.302229
2.434023
2.551605
2.654164
2.740971
2.811391
2.864887
2.901020
2.919454
2.919961
2.902421
2.866823
2.813267
2.741964
2.653233
2.547504
2.425314
2.287303
2.134213
1.966883
1.786244
1.593317
1.389203
1.175080
0.952195
0.721858
0.485432
0.244330
0.000000
0.246078
0.492404
0.737464
0.979742
1.217729
1.449930
1.674875
1.891128
2.097294
2.292030
2.474055
2.642153
2.795187
2.932100
3.051929
3.153805
3.236965
3.300751
3.344621
3.368150
3.371033
3.353088
3.314260
3.254621
3.174370
3.073834
2.953465
2.813841
2.655661
2.479744
2.287024
2.078543
1.855450
1.618992
1.370507
1.111419
0.843227
0.567500
0.285865
0.000000
0.288378
0.577522
0.865662
1.151022
1.431826
1.706309
1.972731
2.229382
2.474599
2.706772
2.924356
3.125880
3.309958
3.475295
3.620699
3.745090
3.847502
3.927094
3.983157
4.015117
4.022540
4.005137
3.962769
3.895443
3.803321
3.686714
3.546087
3.382054
3.195376
2.986962
2.757860
2.509252
2.242455
1.958906
1.660162
1.347884
1.023837
0.689873
0.347927
0.000000
0.351846
0.705504
1.058831
1.409665
1.755832
2.095161
2.425499
2.744722
3.050748
3.341549
3.615166
3.869720
4.103424
4.314595
4.501663
4.663188
4.797861
4.904521
4.982158
5.029926
5.047146
5.033313
4.988101
4.911370
4.803164
4.663717
4.493454
4.292986
4.063117
3.804835
3.519310
3.207894
2.872108
2.513641
2.134343
1.736210
1.321382
0.892128
0.450836
0.000000
0.457792
0.919873
1.383507
1.845912
2.304265
2.755728
3.197456
3.626617
4.040408
4.436072
4.810911
5.162309
5.487740
5.784790
6.051170
6.284731
6.483478
6.645585
6.769407
6.853491
6.896590
6.897674
6.855932
6.770791
6.641915
6.469214
6.252848
5.993231
5.691033
5.347182
4.962860
4.539503
4.078801
3.582688
3.053340
2.493163
1.904793
1.291076
0.655064
0.000000
0.670695
1.353435
2.044490
2.739993
3.435968
4.128339
4.812954
5.485605
6.142043
6.778004
7.389227
7.971474
8.520553
9.032341
9.502799
9.927998
10.304139
10.627570
10.894810
11.102566
11.247748
11.327494
11.339180
11.280437
11.149171
10.943568
10.662111
10.303593
9.867120
9.352126
8.758376
8.085971
7.335354
6.507310
5.602966
4.623793
3.571601
2.448535
1.257070
0.000000
1.319565
2.698213
4.132244
5.617679
7.150277
8.725551
10.338786
11.985055
13.659241
15.356057
17.070065
18.795702
20.527299
22.259108
23.985322
25.700104
27.397607
29.072001
30.717498
32.328374
33.898997
35.423849
36.897548
38.314875
39.670792
40.960469
42.179300
43.322923
44.387242
45.368444
46.263011
47.067741
47.779759
48.396527
48.915859
49.335929
49.655276
49.872813
49.987831
50.000000
49.909372
49.716379
49.421830
49.026912
48.533176
47.942536
47.257260
46.479956
45.613563
44.661337
43.626836
42.513906
41.326660
40.069463
38.746913
37.363818
35.925178
34.436161
32.902080
31.328375
29.720581
28.084313
26.425238
24.749048
23.061443
21.368102
19.674660
17.986686
16.309660
14.648952
13.009795
11.397271
9.816289
8.271562
6.767595
5.308663
3.898800
2.541780
1.241106
0.000000
1.178611
2.292102
3.338158
4.314779
5.220286
6.053324
6.812861
7.498193
8.108937
8.645030
9.106726
9.494589
9.809486
10.052579
10.225311
10.329402
10.366833
10.339831
10.250859
10.102596
9.897925
9.639915
9.331804
8.976978
8.578957
8.141373
7.667953
7.162497
6.628861
6.070937
5.492633
4.897856
4.290490
3.674380
3.053312
2.431000
1.811063
1.197014
0.592243
0.000000
0.576613
1.134658
1.671373
2.184182
2.670703
3.128756
3.556373
3.951800
4.313507
4.640184
4.930749
5.184349
5.400357
5.578370
5.718212
5.819924
5.883764
5.910199
5.899898
5.853726
5.772733
5.658148
5.511366
5.333937
5.127556
4.894049
4.635364
4.353552
4.050759
3.729210
3.391193
3.039051
2.675159
2.301919
1.921741
1.537027
1.150166
0.763510
0.379371
0.000000
0.372417
0.735777
1.088064
1.427367
1.751882
2.059924
2.349934
2.620486
2.870293
3.098212
3.303248
3.484559
3.641454
3.773402
3.880023
3.961097
4.016557
4.046488
4.051127
4.030854
3.986193
3.917804
3.826476
3.713123
3.578775
3.424571
3.251751
3.061647
2.855673
2.635314
2.402123
2.157703
1.903700
1.641795
1.373689
1.101097
0.825734
0.549308
0.273510
0.000000
0.269597
0.533704
0.790798
1.039419
1.278179
1.505768
1.720962
1.922627
2.109725
2.281321
2.436586
2.574798
2.695348
2.797743
2.881603
2.946665
2.992784
3.019930
3.028186
3.017749
2.988925
2.942129
2.877875
2.796779
2.699548
2.586979
2.459951
2.319419
2.166407
2.002001
1.827344
1.643626
1.452076
1.253956
1.050553
0.843169
0.633115
0.421702
0.210234
0.000000
0.207735
0.411735
0.610802
0.803780
0.989566
1.167112
1.335431
1.493605
1.640786
1.776205
1.899170
2.009073
2.105394
2.187699
2.255643
2.308975
2.347532
2.371244
2.380131
2.374303
2.353958
2.319380
2.270935
2.209070
2.134309
2.047247
1.948547
1.838939
1.719206
1.590189
1.452773
1.307886
1.156491
0.999582
0.838173
0.673297
0.505997
0.337319
0.168309
0.000000
0.166586
0.330449
0.490617
0.646149
0.796142
0.939735
1.076116
1.204525
1.324256
1.434664
1.535167
1.625250
1.704464
1.772433
1.828850
1.873485
1.906179
1.926848
1.935481
1.932142
1.916967
1.890160
1.851997
1.802819
1.743031
1.673098
1.593543
1.504942
1.407922
1.303154
1.191351
1.073260
0.949662
0.821363
0.689190
0.553987
0.416607
0.277910
0.138756
0.000000
0.137514
0.272955
0.405515
0.534409
0.658881
0.778210
0.891710
0.998740
1.098701
1.191045
1.275272
1.350938
1.417655
1.475091
1.522975
1.561096
1.589304
1.607511
1.615689
1.613874
1.602161
1.580704
1.549716
1.509465
1.460274
1.402519
1.336622
1.263053
1.182326
1.094991
1.001636
0.902881
0.799374
0.691784
0.580803
0.467136
0.351499
0.234615
0.117208
0.000000
0.116294
0.230970
0.343340
0.452735
0.558510
0.660044
0.756751
0.848076
0.933501
1.012550
1.084787
1.149822
1.207311
1.256960
1.298522
1.331804
1.356664
1.373011
1.380808
1.380068
1.370860
1.353299
1.327553
1.293839
1.252418
1.203599
1.147732
1.085208
1.016455
0.941937
0.862150
0.777616
0.688885
0.596527
0.501132
0.403303
0.303653
0.202803
0.101378
0.000000
0.100712
0.200147
0.297706
0.392807
0.484884
0.573394
0.657821
0.737674
0.812496
0.881861
0.945381
1.002704
1.053518
1.097555
1.134586
1.164428
1.186944
1.202040
1.209668
1.209826
1.202558
1.187952
1.166139
1.137295
1.101637
1.059421
1.010942
0.956531
0.896554
0.831406
0.761516
0.687334
0.609337
0.528020
0.443899
0.357499
0.269362
0.180032
0.090061
0.000000
0.089601
0.178198
0.265257
0.350255
0.432683
0.512053
0.587896
0.659768
0.727248
0.789948
0.847507
0.899600
0.945935
0.986255
1.020343
1.048020
1.069146
1.083620
1.091384
1.092421
1.086752
1.074441
1.055590
1.030342
0.998876
0.961410
0.918196
0.869520
0.815698
0.757080
0.694039
0.626978
0.556317
0.482501
0.405991
0.327262
0.246800
0.165101
0.082666
0.000000
0.082394
0.164016
0.244372
0.322977
0.399358
0.473058
0.543636
0.610674
0.673773
0.732561
0.786694
0.835854
0.879756
0.918148
0.950811
0.977560
0.998249
1.012765
1.021037
1.023027
1.018739
1.008213
0.991526
0.968793
0.940164
0.905827
0.866000
0.820936
0.770919
0.716263
0.657306
0.594415
0.527978
0.458405
0.386124
0.311577
0.235222
0.157524
0.078957
0.000000
0.078866
0.157163
0.234416
0.310155
0.383922
0.455270
0.523769
0.589003
0.650578
0.708124
0.761292
0.809762
0.853241
0.891468
0.924212
0.951275
0.972496
0.987745
0.996932
1.000000
0.996932
0.987745
0.972496
0.951275
0.924212
0.891468
0.853241
0.809762
0.761292
0.708124
0.650578
0.589003
0.523769
0.455270
0.383922
0.310155
0.234416
0.157163
0.078866
0.000000
0.078957
0.157524
0.235222
0.311577
0.386124
0.458405
0.527978
0.594415
0.657306
0.716263
0.770919
0.820936
0.866000
0.905827
0.940164
0.968793
0.991526
1.008213
1.018739
1.023027
1.021037
1.012765
0.998249
0.977560
0.950811
0.918148
0.879756
0.835854
0.786694
0.732561
0.673773
0.610674
0.543636
0.473058
0.399358
0.322977
0.244372
0.164016
0.082394
0.000000
0.082666
0.165101
0.246800
0.327262
0.405991
0.482501
0.556317
0.626978
0.694039
0.757080
0.815698
0.869520
0.918196
0.961410
0.998876
1.030342
1.055590
1.074441
1.086752
1.092421
1.091384
1.083620
1.069146
1.048020
1.020343
0.986255
0.945935
0.899600
0.847507
0.789948
0.727248
0.659768
0.587896
0.512053
0.432683
0.350255
0.265257
0.178198
0.089601
0.000000
0.090061
0.180032
0.269362
0.357499
0.443899
0.528020
0.609337
0.687334
0.761516
0.831406
0.896554
0.956531
1.010942
1.059421
1.101637
1.137295
1.166139
1.187952
1.202558
1.209826
1.209668
1.202040
1.186944
1.164428
1.134586
1.097555
1.053518
1.002704
0.945381
0.881861
0.812496
0.737674
0.657821
0.573394
0.484884
0.392807
0.297706
0.200147
0.100712
0.000000
0.101378
0.202803
0.303653
0.403303
0.501132
0.596527
0.688885
0.777616
0.862150
0.941937
1.016455
1.085208
1.147732
1.203599
1.252418
1.293839
1.327553
1.353299
1.370860
1.380068
1.380808
1.373011
1.356664
1.331804
1.298522
1.256960
1.207311
1.149822
1.084787
1.012550
0.933501
0.848076
0.756751
0.660044
0.558510
0.452735
0.343340
0.230970
0.116294
0.000000
0.117208
0.234615
0.351499
0.467136
0.580803
0.691784
0.799374
0.902881
1.001636
1.094991
1.182326
1.263053
1.336622
1.402519
1.460274
1.509465
1.549716
1.580704
1.602161
1.613874
1.615689
1.607511
1.589304
1.561096
1.522975
1.475091
1.417655
1.350938
1.275272
1.191045
1.098701
0.998740
0.891710
0.778210
0.658881
0.534409
0.405515
0.272955
0.137514
0.000000
0.138756
0.277910
0.416607
0.553987
0.689190
0.821363
0.949662
1.073260
1.191351
1.303154
1.407922
1.504942
1.593543
1.673098
1.743031
1.802819
1.851997
1.890160
1.916967
1.932142
1.935481
1.926848
1.906179
1.873485
1.828850
1.772433
1.704464
1.625250
1.535167
1.434664
1.324256
1.204525
1.076116
0.939735
0.796142
0.646149
0.490617
0.330449
0.166586
0.000000
0.168309
0.337319
0.505997
0.673297
0.838173
0.999582
1.156491
1.307886
1.452773
1.590189
1.719206
1.838939
1.948547
2.047247
2.134309
2.209070
2.270935
2.319380
2.353958
2.374303
2.380131
2.371244
2.347532
2.308975
2.255643
2.187699
2.105394
2.009073
1.899170
1.776205
1.640786
1.493605
1.335431
1.167112
0.989566
0.803780
0.610802
0.411735
0.207735
0.000000
0.210234
0.421702
0.633115
0.843169
1.050553
1.253956
1.452076
1.643626
1.827344
2.002001
2.166407
2.319419
2.459951
2.586979
2.699548
2.796779
2.877875
2.942129
2.988925
3.017749
3.028186
3.019930
2.992784
2.946665
2.881603
2.797743
2.695348
2.574798
2.436586
2.281321
2.109725
1.922627
1.720962
1.505768
1.278179
1.039419
0.790798
0.533704
0.269597
0.000000
0.273510
0.549308
0.825734
1.101097
1.373689
1.641795
1.903700
2.157703
2.402123
2.635314
2.855673
3.061647
3.251751
3.424571
3.578775
3.713123
3.826476
3.917804
3.986193
4.030854
4.051127
4.046488
4.016557
3.961097
3.880023
3.773402
3.641454
3.484559
3.303248
3.098212
2.870293
2.620486
2.349934
2.059924
1.751882
1.427367
1.088064
0.735777
0.372417
0.000000
0.379371
0.763510
1.150166
1.537027
1.921741
2.301919
2.675159
3.039051
3.391193
3.729210
4.050759
4.353552
4.635364
4.894049
5.127556
5.333937
5.511366
5.658148
5.772733
5.853726
5.899898
5.910199
5.883764
5.819924
5.718212
5.578370
5.400357
5.184349
4.930749
4.640184
4.313507
3.951800
3.556373
3.128756
2.670703
2.184182
1.671373
1.134658
0.576613
0.000000
0.592243
1.197014
1.811063
2.431000
3.053312
3.674380
4.290490
4.897856
5.492633
6.070937
6.628861
7.162497
7.667953
8.141373
8.578957
8.976978
9.331804
9.639915
9.897925
10.102596
10.250859
10.339831
10.366833
10.329402
10.225311
10.052579
9.809486
9.494589
9.106726
8.645030
8.108937
7.498193
6.812861
6.053324
5.220286
4.314779
3.338158
2.292102
1.178611
0.000000
1.241106
2.541780
3.898800
5.308663
6.767595
8.271562
9.816289
11.397271
13.009795
14.648952
16.309660
17.986686
19.674660
21.368102
23.061443
24.749048
26.425238
28.084313
29.720581
31.328375
32.902080
34.436161
35.925178
37.363818
38.746913
40.069463
41.326660
42.513906
43.626836
44.661337
45.613563
46.479956
47.257260
47.942536
48.533176
49.026912
49.421830
49.716379
49.909372
50.000000
49.987831
49.872813
49.655276
49.335929
48.915859
48.396527
47.779759
47.067741
46.263011
45.368444
44.387242
43.322923
42.179300
40.960469
39.670792
38.314875
36.897548
35.423849
33.898997
32.328374
30.717498
29.072001
27.397607
25.700104
23.985322
22.259108
20.527299
18.795702
17.070065
15.356057
13.659241
11.985055
10.338786
8.725551
7.150277
5.617679
4.132244
2.698213
1.319565
0.000000
1.257070
2.448535
3.571601
4.623793
5.602966
6.507310
7.335354
8.085971
8.758376
9.352126
9.867120
10.303593
10.662111
10.943568
11.149171
11.280437
11.339180
11.327494
11.247748
11.102566
10.894810
10.627570
10.304139
9.927998
9.502799
9.032341
8.520553
7.971474
7.389227
6.778004
6.142043
5.485605
4.812954
4.128339
3.435968
2.739993
2.044490
1.353435
0.670695
0.000000
0.655064
1.291076
1.904793
2.493163
3.053340
3.582688
4.078801
4.539503
4.962860
5.347182
5.691033
5.993231
6.252848
6.469214
6.641915
6.770791
6.855932
6.897674
6.896590
6.853491
6.769407
6.645585
6.483478
6.284731
6.051170
5.784790
5.487740
5.162309
4.810911
4.436072
4.040408
3.626617
3.197456
2.755728
2.304265
1.845912
1.383507
0.919873
0.457792
0.000000
0.450836
0.892128
1.321382
1.736210
2.134343
2.513641
2.872108
3.207894
3.519310
3.804835
4.063117
4.292986
4.493454
4.663717
4.803164
4.911370
4.988101
5.033313
5.047146
5.029926
4.982158
4.904521
4.797861
4.663188
4.501663
4.314595
4.103424
3.869720
3.615166
3.341549
3.050748
2.744722
2.425499
2.095161
1.755832
1.409665
1.058831
0.705504
0.351846
0.000000
0.347927
0.689873
1.023837
1.347884
1.660162
1.958906
2.242455
2.509252
2.757860
2.986962
3.195376
3.382054
3.546087
3.686714
3.803321
3.895443
3.962769
4.005137
4.022540
4.015117
3.983157
3.927094
3.847502
3.745090
3.620699
3.475295
3.309958
3.125880
2.924356
2.706772
2.474599
2.229382
1.972731
1.706309
1.431826
1.151022
0.865662
0.577522
0.288378
0.000000
0.285865
0.567500
0.843227
1.111419
1.370507
1.618992
1.855450
2.078543
2.287024
2.479744
2.655661
2.813841
2.953465
3.073834
3.174370
3.254621
3.314260
3.353088
3.371033
3.368150
3.344621
3.300751
3.236965
3.153805
3.051929
2.932100
2.795187
2.642153
2.474055
2.292030
2.097294
1.891128
1.674875
1.449930
1.217729
0.979742
0.737464
0.492404
0.246078
0.000000
0.244330
0.485432
0.721858
0.952195
1.175080
1.389203
1.593317
1.786244
1.966883
2.134213
2.287303
2.425314
2.547504
2.653233
2.741964
2.813267
2.866823
2.902421
2.919961
2.919454
2.901020
2.864887
2.811391
2.740971
2.654164
2.551605
2.434023
2.302229
2.157121
1.999667
1.830908
1.651947
1.463940
1.268094
1.065655
0.857900
0.646135
0.431677
0.215856
0.000000
0.214569
0.426547
0.634651
0.837631
1.034275
1.223416
1.403940
1.574792
1.734983
1.883593
2.019778
2.142777
2.251911
2.346590
2.426316
2.490686
2.539390
2.572219
2.589059
2.589896
2.574812
2.543988
2.497699
2.436311
2.360283
2.270161
2.166571
2.050220
1.921890
1.782430
1.632755
1.473834
1.306689
1.132390
0.952039
0.766775
0.577757
0.386163
0.193181
0.000000
0.192195
0.382231
0.568955
0.751239
0.927987
1.098146
1.260704
1.414704
1.559243
1.693483
1.816652
1.928048
2.027047
2.113102
2.185749
2.244607
2.289382
2.319867
2.335944
2.337583
2.324842
2.297868
2.256894
2.202236
2.134295
2.053548
1.960552
1.855932
1.740385
1.614669
1.479603
1.336057
1.184951
1.027246
0.863939
0.696056
0.524650
0.350786
0.175542
0.000000
0.174763
0.347677
0.517691
0.683774
0.844924
1.000174
1.148597
1.289313
1.421492
1.544359
1.657200
1.759367
1.850278
1.929422
1.996365
2.050747
2.092288
2.120787
2.136123
2.138257
2.127232
2.103170
2.066271
2.016817
1.955161
1.881733
1.797032
1.701622
1.596133
1.481255
1.357728
1.226348
1.087950
0.943415
0.793652
0.639602
0.482228
0.322509
0.161435
0.000000
0.160804
0.319991
0.476592
0.629654
0.778251
0.921488
1.058507
1.188490
1.310665
1.424313
1.528768
1.623423
1.707734
1.781223
1.843478
1.894160
1.933001
1.959806
1.974454
1.976902
1.967180
1.945390
1.911713
1.866397
1.809764
1.742203
1.664168
1.576177
1.478805
1.372684
1.258498
1.136977
1.008893
0.875056
0.736309
0.593522
0.447585
0.299406
0.149903
0.000000
0.149382
0.297327
0.442931
0.585307
0.723592
0.856951
0.984581
1.105718
1.219639
1.325670
1.423185
1.511614
1.590444
1.659224
1.717565
1.765142
1.801699
1.827049
1.841073
1.843721
1.835016
1.815048
1.783976
1.742028
1.689497
1.626739
1.554175
1.472281
1.381591
1.282690
1.176212
1.062837
0.943282
0.818301
0.688681
0.555232
0.418787
0.280194
0.140310
0.000000
0.139873
0.278450
0.414884
0.548342
0.678015
0.803116
0.922891
1.036619
1.143621
1.243260
1.334944
1.418135
1.492347
1.557151
1.612177
1.657117
1.691723
1.715814
1.729274
1.732051
1.724159
1.705680
1.676757
1.637599
1.588477
1.529721
1.461722
1.384923
1.299823
1.206969
1.106954
1.000413
0.888020
0.770484
0.648540
0.522951
0.394501
0.263985
0.132214
0.000000
0.131842
0.262504
0.391184
0.517097
0.639478
0.757583
0.870697
0.978140
1.079266
1.173471
1.260195
1.338925
1.409198
1.470607
1.522796
1.565470
1.598393
1.621389
1.634342
1.637200
1.629972
1.612731
1.585608
1.548796
1.502548
1.447173
1.383035
1.310552
1.230192
1.142469
1.047942
0.947211
0.840909
0.729707
0.614300
0.495408
0.373773
0.250149
0.125301
0.000000
0.124982
0.248876
0.370925
0.490382
0.606519
0.718629
0.826035
0.928086
1.024169
1.113707
1.196167
1.271058
1.337939
1.396418
1.446157
1.486870
1.518329
1.540365
1.552863
1.555771
1.549094
1.532896
1.507300
1.472486
1.428690
1.376204
1.315370
1.246584
1.170286
1.086965
0.997149
0.901407
0.800341
0.694585
0.584801
0.471674
0.355908
0.238220
0.119339
0.000000
0.119063
0.237118
0.353441
0.467320
0.578061
0.684989
0.787456
0.884840
0.976556
1.062050
1.140813
1.212373
1.276307
1.332240
1.379844
1.418846
1.449025
1.470215
1.482306
1.485243
1.479028
1.463721
1.439434
1.406338
1.364656
1.314662
1.256682
1.191090
1.118307
1.038796
0.953060
0.861641
0.765113
0.664081
0.559177
0.451053
0.340383
0.227852
0.114157
0.000000
0.113916
0.226891
0.338230
0.447254
0.553295
0.655708
0.753869
0.847185
0.935090
1.017055
1.092588
1.161238
1.222596
1.276299
1.322034
1.359534
1.388586
1.409028
1.420753
1.423705
1.417883
1.403343
1.380190
1.348584
1.308737
1.260911
1.205415
1.142607
1.072887
0.996698
0.914522
0.826877
0.734311
0.637406
0.536765
0.433015
0.326800
0.218780
0.109622
0.000000
0.109410
0.217936
0.324910
0.429679
0.531601
0.630054
0.724440
0.814185
0.898746
0.977611
1.050308
1.116399
1.175491
1.227233
1.271320
1.307495
1.335551
1.355330
1.366725
1.369683
1.364200
1.350325
1.328160
1.297857
1.259616
1.213687
1.160368
1.100000
1.032966
0.959693
0.880642
0.796309
0.707225
0.613945
0.517051
0.417146
0.314850
0.210797
0.105630
0.000000
0.105444
0.210052
0.313182
0.414202
0.512494
0.607458
0.698515
0.785111
0.866722
0.942853
1.013045
1.076877
1.133966
1.183974
1.226603
1.261605
1.288777
1.307966
1.319066
1.322023
1.316833
1.303541
1.282243
1.253083
1.216255
1.171997
1.120595
1.062377
0.997712
0.927010
0.850715
0.769307
0.683295
0.593216
0.499630
0.403121
0.304287
0.203740
0.102102
0.000000
0.101937
0.203080
0.302810
0.400514
0.495594
0.587470
0.675580
0.759388
0.838385
0.912093
0.980066
1.041895
1.097209
1.145678
1.187013
1.220973
1.247359
1.266020
1.276855
1.279808
1.274874
1.262094
1.241561
1.213412
1.177832
1.135051
1.085345
1.029030
0.966462
0.898037
0.824183
0.745365
0.662075
0.574833
0.484181
0.390683
0.294919
0.197481
0.098972
0.000000
0.098825
0.196894
0.293606
0.388366
0.480595
0.569728
0.655220
0.736552
0.813228
0.884783
0.950783
1.010832
1.064567
1.111666
1.151851
1.184882
1.210567
1.228758
1.239355
1.242302
1.237592
1.225266
1.205409
1.178155
1.143683
1.102214
1.054013
0.999387
0.938682
0.872278
0.800594
0.724078
0.643208
0.558487
0.470442
0.379621
0.286586
0.191913
0.096188
0.000000
0.096057
0.191391
0.285417
0.377558
0.467249
0.553941
0.637104
0.716230
0.790839
0.860476
0.924720
0.983183
1.035511
1.081391
1.120548
1.152751
1.177811
1.195582
1.205965
1.208905
1.204394
1.192470
1.173215
1.146757
1.113270
1.072967
1.026106
0.972984
0.913936
0.849333
0.779581
0.705114
0.626398
0.543923
0.458202
0.369765
0.279162
0.186952
0.093707
0.000000
0.093590
0.186487
0.278120
0.367926
0.455354
0.539870
0.620956
0.698117
0.770882
0.838810
0.901488
0.958535
1.009609
1.054400
1.092642
1.124107
1.148608
1.166004
1.176195
1.179129
1.174794
1.163228
1.144508
1.118760
1.086150
1.046887
1.001220
0.949439
0.891869
0.828871
0.760841
0.688202
0.611408
0.530935
0.447285
0.360975
0.272540
0.182528
0.091494
0.000000
0.091390
0.182112
0.271610
0.359334
0.444745
0.527319
0.606552
0.681960
0.753082
0.819484
0.880764
0.936550
0.986504
1.030325
1.067750
1.098555
1.122558
1.139619
1.149640
1.152567
1.148391
1.137143
1.118901
1.093786
1.061959
1.023623
0.979022
0.928436
0.872185
0.810619
0.744125
0.673117
0.598036
0.519350
0.437547
0.353134
0.266634
0.178581
0.089520
0.000000
0.089427
0.178211
0.265805
0.351671
0.435282
0.516126
0.593707
0.667551
0.737207
0.802249
0.862284
0.916944
0.965900
1.008856
1.045553
1.075771
1.099330
1.116093
1.125963
1.128885
1.124849
1.113887
1.096072
1.071521
1.040393
1.002884
0.959233
0.909714
0.854638
0.794350
0.729225
0.659671
0.586118
0.509025
0.428869
0.346147
0.261370
0.175064
0.087761
0.000000
0.087679
0.174735
0.260632
0.344844
0.426852
0.506154
0.582264
0.654715
0.723066
0.786898
0.845823
0.899483
0.947551
0.989737
1.025786
1.055482
1.078648
1.095146
1.104882
1.107801
1.103892
1.093184
1.075750
1.051703
1.021197
0.984426
0.941622
0.893053
0.839024
0.779873
0.715968
0.647708
0.575515
0.499839
0.421149
0.339931
0.256689
0.171937
0.086197
0.000000
0.086124
0.171644
0.256034
0.338775
0.419358
0.497290
0.572093
0.643308
0.710499
0.773256
0.831197
0.883968
0.931249
0.972752
1.008227
1.037461
1.060278
1.076543
1.086161
1.089079
1.085284
1.074804
1.057710
1.034111
1.004160
0.968045
0.925993
0.878269
0.825171
0.767030
0.704208
0.637096
0.566111
0.491693
0.414303
0.334420
0.252538
0.169164
0.084811
0.000000
0.084746
0.168905
0.251959
0.333397
0.412720
0.489439
0.563084
0.633205
0.699371
0.761178
0.818248
0.870234
0.916819
0.957720
0.992689
1.021516
1.044026
1.060087
1.069603
1.072522
1.068829
1.058553
1.041761
1.018561
0.989102
0.953568
0.912183
0.865207
0.812933
0.755685
0.693822
0.627726
0.557808
0.484502
0.408260
0.329556
0.248876
0.166717
0.083588
0.000000
0.083531
0.166490
0.248366
0.328657
0.406868
0.482519
0.555146
0.624304
0.689568
0.750539
0.806845
0.858142
0.904116
0.944489
0.979015
1.007485
1.029728
1.045611
1.055041
1.057962
1.054362
1.044267
1.027743
1.004896
0.975871
0.940851
0.900054
0.853737
0.802188
0.745727
0.684706
0.619503
0.550523
0.478193
0.402961
0.325291
0.245665
0.164573
0.082516
0.000000
0.082466
0.164374
0.245220
0.324507
0.401746
0.476464
0.548201
0.616518
0.680995
0.741237
0.796877
0.847573
0.893016
0.932930
0.967071
0.995233
1.017246
1.032977
1.042333
1.045260
1.041744
1.031810
1.015522
0.992986
0.964342
0.929772
0.889490
0.843749
0.792834
0.737060
0.676774
0.612351
0.544188
0.472709
0.398355
0.321585
0.242875
0.162710
0.081585
0.000000
0.081542
0.162539
0.242491
0.320908
0.397306
0.471216
0.542184
0.609774
0.673571
0.733185
0.788250
0.838429
0.883416
0.922936
0.956747
0.984646
1.006463
1.022066
1.031362
1.034297
1.030857
1.021065
1.004986
0.982720
0.954408
0.920229
0.880394
0.835152
0.784785
0.729605
0.669954
0.606202
0.538744
0.467997
0.394399
0.318404
0.240482
0.161113
0.080787
0.000000
0.080750
0.160967
0.240155
0.317828
0.393508
0.466728
0.537040
0.604011
0.667231
0.726310
0.780888
0.830629
0.875229
0.914416
0.947951
0.975629
0.997283
1.012781
1.022030
1.024977
1.021605
1.011938
0.996039
0.974007
0.945981
0.912137
0.872684
0.827869
0.777969
0.723295
0.664184
0.601003
0.534143
0.464018
0.391059
0.315719
0.238463
0.159766
0.080115
0.000000
0.080084
0.159645
0.238191
0.315240
0.390317
0.462961
0.532725
0.599180
0.661917
0.720552
0.774725
0.824103
0.868384
0.907298
0.940605
0.968104
0.989626
1.005041
1.014256
1.017217
1.013907
1.004349
0.988605
0.966772
0.938988
0.905426
0.866295
0.821837
0.772329
0.718076
0.659416
0.596710
0.530346
0.460736
0.388307
0.313509
0.236801
0.158658
0.079562
0.000000
0.079538
0.158560
0.236582
0.313122
0.387708
0.459883
0.529201
0.595237
0.657585
0.715862
0.769709
0.818797
0.862824
0.901520
0.934648
0.962007
0.983428
0.998781
1.007975
1.010953
1.007699
0.998235
0.982620
0.960954
0.933370
0.900040
0.861172
0.817006
0.767815
0.713905
0.655608
0.593285
0.527321
0.458124
0.386119
0.311753
0.235483
0.157781
0.079125
0.000000
0.079106
0.157706
0.235315
0.311455
0.385658
0.457467
0.526440
0.592152
0.654200
0.712201
0.765800
0.814666
0.858501
0.897034
0.930030
0.957287
0.978637
0.993950
1.003134
1.006132
1.002929
0.993544
0.978037
0.956504
0.929080
0.895935
0.857274
0.813335
0.764392
0.710747
0.652731
0.590702
0.525043
0.456160
0.384478
0.310438
0.234498
0.157126
0.078799
0.000000
0.078786
0.157073
0.234379
0.310227
0.384151
0.455695
0.524419
0.589899
0.651733
0.709540
0.762964
0.811678
0.855381
0.893805
0.926714
0.953906
0.975214
0.990508
0.999694
1.002717
0.999558
0.990239
0.974817
0.953388
0.926085
0.893077
0.854568
0.810796
0.762032
0.708577
0.650760
0.588938
0.523493
0.454829
0.383369
0.309554
0.233838
0.156689
0.078583
0.000000
0.078575
0.156658
0.233767
0.309428
0.383174
0.454552
0.523121
0.588459
0.650164
0.707856
0.761180
0.809807
0.853438
0.891805
0.924672
0.951837
0.973132
0.988426
0.997627
1.000678
0.997560
0.988292
0.972934
0.951579
0.924359
0.891443
0.853033
0.809368
0.760715
0.707376
0.649679
0.587980
0.522660
0.454120
0.382785
0.309092
0.233498
0.156467
0.078474
0.000000
0.078471
0.156456
0.233474
0.309050
0.382720
0.454028
0.522536
0.587821
0.649481
0.707137
0.760432
0.809039
0.852658
0.891020
0.923889
0.951063
0.972374
0.987690
0.996918
1.000000
